,profit,fees,balance,position,streak
598935,0.0,0.0,1000.0,0.0,1.0
598936,0.0,0.25,999.75,2,1.0
598937,0.0,0.0,999.75,2,1.0
598938,12.5,0.25,1012.0,1,1.0
598939,0.0,0.0,1012.0,1,1.0
598940,12.5,0.25,1024.25,2,1.0
598941,0.0,0.0,1024.25,2,1.0
598942,-12.5,0.25,1011.5,1,1.0
598943,0.0,0.0,1011.5,1,1.0
598944,-12.5,0.25,998.75,0,1.0
598945,0.0,0.25,998.5,1,1.0
598946,-37.5,0.25,960.75,2,1.0
598947,0.0,0.0,960.75,2,1.0
598948,0.0,0.0,960.75,2,1.0
598949,0.0,0.0,960.75,2,1.0
598950,0.0,0.0,960.75,2,1.0
598951,0.0,0.0,960.75,2,1.0
598952,0.0,0.0,960.75,2,1.0
598953,0.0,0.0,960.75,2,1.0
598954,0.0,0.0,960.75,2,1.0
598955,12.5,0.25,973.0,1,1.0
598956,0.0,0.0,973.0,1,1.0
598957,0.0,0.0,973.0,1,1.0
598958,0.0,0.25,972.75,2,1.0
598959,0.0,0.0,972.75,2,1.0
598960,12.5,0.25,985.0,1,1.0
598961,12.5,0.25,997.25,2,1.0
598962,0.0,0.0,997.25,2,1.0
598963,12.5,0.25,1009.5,0,1.0
598964,0.0,0.25,1009.25,1,1.0
598965,-25.0,0.25,984.0,0,1.0
598966,0.0,0.25,983.75,2,1.0
598967,0.0,0.0,983.75,2,1.0
598968,0.0,0.0,983.75,2,1.0
598969,0.0,0.0,983.75,2,1.0
598970,-12.5,0.25,971.0,1,1.0
598971,0.0,0.0,971.0,1,1.0
598972,0.0,0.0,971.0,1,1.0
598973,0.0,0.25,970.75,2,1.0
598974,0.0,0.0,970.75,2,1.0
598975,-12.5,0.25,958.0,1,1.0
598976,0.0,0.0,958.0,1,1.0
598977,0.0,0.0,958.0,1,1.0
598978,0.0,0.0,958.0,1,1.0
598979,0.0,0.0,958.0,1,1.0
598980,25.0,0.25,982.75,2,1.0
598981,-25.0,0.25,957.5,1,1.0
598982,0.0,0.0,957.5,1,1.0
598983,0.0,0.0,957.5,1,1.0
598984,0.0,0.25,957.25,2,1.0
598985,0.0,0.25,957.0,1,1.0
598986,0.0,0.0,957.0,1,1.0
598987,0.0,0.0,957.0,1,1.0
598988,-12.5,0.25,944.25,2,1.0
598989,0.0,0.0,944.25,2,1.0
598990,0.0,0.0,944.25,2,1.0
598991,0.0,0.0,944.25,2,1.0
598992,0.0,0.0,944.25,2,1.0
598993,0.0,0.0,944.25,2,1.0
598994,0.0,0.0,944.25,2,1.0
598995,-12.5,0.25,931.5,1,1.0
598996,12.5,0.25,943.75,0,1.0
598997,0.0,0.25,943.5,1,1.0
598998,0.0,0.0,943.5,1,1.0
598999,0.0,0.25,943.25,2,1.0
599000,0.0,0.0,943.25,2,1.0
599001,0.0,0.0,943.25,2,1.0
599002,-37.5,0.25,905.5,1,1.0
599003,0.0,0.0,905.5,1,1.0
599004,0.0,0.0,905.5,1,1.0
599005,0.0,0.0,905.5,1,1.0
599006,0.0,0.0,905.5,1,1.0
599007,-75.0,0.25,830.25,2,1.0
599008,0.0,0.0,830.25,2,1.0
599009,0.0,0.0,830.25,2,1.0
599010,0.0,0.0,830.25,2,1.0
599011,0.0,0.0,830.25,2,1.0
599012,0.0,0.0,830.25,2,1.0
599013,0.0,0.0,830.25,2,1.0
599014,0.0,0.0,830.25,2,1.0
599015,0.0,0.0,830.25,2,1.0
599016,-25.0,0.25,805.0,1,1.0
599017,0.0,0.0,805.0,1,1.0
599018,0.0,0.0,805.0,1,1.0
599019,0.0,0.0,805.0,1,1.0
599020,-62.5,0.25,742.25,2,1.0
599021,0.0,0.0,742.25,2,1.0
599022,0.0,0.0,742.25,2,1.0
599023,0.0,0.0,742.25,2,1.0
599024,0.0,0.0,742.25,2,1.0
599025,37.5,0.25,779.5,1,1.0
599026,0.0,0.25,779.25,2,1.0
599027,0.0,0.0,779.25,2,1.0
599028,0.0,0.0,779.25,2,1.0
599029,0.0,0.0,779.25,2,1.0
599030,-12.5,0.25,766.5,1,1.0
599031,0.0,0.0,766.5,1,1.0
599032,0.0,0.0,766.5,1,1.0
599033,0.0,0.0,766.5,1,1.0
599034,0.0,0.0,766.5,1,1.0
599035,0.0,0.0,766.5,1,1.0
599036,0.0,0.0,766.5,1,1.0
599037,-12.5,0.25,753.75,2,1.0
599038,0.0,0.0,753.75,2,1.0
599039,0.0,0.0,753.75,2,1.0
599040,0.0,0.0,753.75,2,1.0
599041,0.0,0.0,753.75,2,1.0
599042,-25.0,0.25,728.5,1,1.0
599043,0.0,0.0,728.5,1,1.0
599044,0.0,0.0,728.5,1,1.0
599045,-25.0,0.25,703.25,2,1.0
599046,12.5,0.25,715.5,1,1.0
599047,12.5,0.25,727.75,2,1.0
599048,0.0,0.0,727.75,2,1.0
599049,0.0,0.0,727.75,2,1.0
599050,0.0,0.25,727.5,1,1.0
599051,25.0,0.25,752.25,2,1.0
599052,12.5,0.25,764.5,1,1.0
599053,12.5,0.25,776.75,2,1.0
599054,0.0,0.25,776.5,0,1.0
599055,0.0,0.25,776.25,1,1.0
599056,0.0,0.0,776.25,1,1.0
599057,0.0,0.0,776.25,1,1.0
599058,0.0,0.0,776.25,1,1.0
599059,0.0,0.0,776.25,1,1.0
599060,-12.5,0.25,763.5,2,1.0
599061,-12.5,0.25,750.75,0,1.0
599062,0.0,0.25,750.5,2,1.0
599063,0.0,0.0,750.5,2,1.0
599064,0.0,0.0,750.5,2,1.0
599065,0.0,0.0,750.5,2,1.0
599066,0.0,0.0,750.5,2,1.0
599067,0.0,0.0,750.5,2,1.0
599068,0.0,0.0,750.5,2,1.0
599069,0.0,0.0,750.5,2,1.0
599070,0.0,0.0,750.5,2,1.0
599071,0.0,0.0,750.5,2,1.0
599072,0.0,0.0,750.5,2,1.0
599073,0.0,0.0,750.5,2,1.0
599074,-12.5,0.25,737.75,1,1.0
599075,0.0,0.0,737.75,1,1.0
599076,0.0,0.0,737.75,1,1.0
599077,-25.0,0.25,712.5,2,1.0
599078,0.0,0.0,712.5,2,1.0
599079,0.0,0.0,712.5,2,1.0
599080,0.0,0.0,712.5,2,1.0
599081,0.0,0.25,712.25,1,1.0
599082,37.5,0.25,749.5,2,1.0
599083,0.0,0.0,749.5,2,1.0
599084,12.5,0.25,761.75,1,1.0
599085,0.0,0.0,761.75,1,1.0
599086,0.0,0.0,761.75,1,1.0
599087,12.5,0.25,774.0,2,1.0
599088,25.0,0.25,798.75,1,1.0
599089,0.0,0.0,798.75,1,1.0
599090,0.0,0.0,798.75,1,1.0
599091,25.0,0.25,823.5,2,1.0
599092,-12.5,0.25,810.75,1,1.0
599093,0.0,0.0,810.75,1,1.0
599094,0.0,0.0,810.75,1,1.0
599095,0.0,0.0,810.75,1,1.0
599096,0.0,0.0,810.75,1,1.0
599097,-37.5,0.25,773.0,2,1.0
599098,0.0,0.0,773.0,2,1.0
599099,0.0,0.0,773.0,2,1.0
599100,0.0,0.0,773.0,2,1.0
599101,0.0,0.0,773.0,2,1.0
599102,0.0,0.0,773.0,2,1.0
599103,0.0,0.0,773.0,2,1.0
599104,0.0,0.0,773.0,2,1.0
599105,0.0,0.0,773.0,2,1.0
599106,0.0,0.0,773.0,2,1.0
599107,0.0,0.0,773.0,2,1.0
599108,0.0,0.0,773.0,2,1.0
599109,0.0,0.0,773.0,2,1.0
599110,0.0,0.0,773.0,2,1.0
599111,25.0,0.25,797.75,1,1.0
599112,25.0,0.25,822.5,2,1.0
599113,0.0,0.25,822.25,1,1.0
599114,-12.5,0.25,809.5,2,1.0
599115,-12.5,0.25,796.75,1,1.0
599116,0.0,0.0,796.75,1,1.0
599117,-12.5,0.25,784.0,2,1.0
599118,0.0,0.0,784.0,2,1.0
599119,0.0,0.0,784.0,2,1.0
599120,0.0,0.0,784.0,2,1.0
599121,-12.5,0.25,771.25,1,1.0
599122,0.0,0.0,771.25,1,1.0
599123,0.0,0.0,771.25,1,1.0
599124,0.0,0.0,771.25,1,1.0
599125,0.0,0.0,771.25,1,1.0
599126,0.0,0.0,771.25,1,1.0
599127,0.0,0.25,771.0,2,1.0
599128,0.0,0.25,770.75,1,1.0
599129,0.0,0.25,770.5,2,1.0
599130,0.0,0.0,770.5,2,1.0
599131,0.0,0.0,770.5,2,1.0
599132,0.0,0.0,770.5,2,1.0
599133,0.0,0.0,770.5,2,1.0
599134,0.0,0.0,770.5,2,1.0
599135,12.5,0.25,782.75,1,1.0
599136,0.0,0.0,782.75,1,1.0
599137,0.0,0.0,782.75,1,1.0
599138,0.0,0.0,782.75,1,1.0
599139,0.0,0.0,782.75,1,1.0
599140,0.0,0.0,782.75,1,1.0
599141,0.0,0.25,782.5,2,1.0
599142,12.5,0.25,794.75,1,1.0
599143,0.0,0.0,794.75,1,1.0
599144,-12.5,0.25,782.0,2,1.0
599145,0.0,0.0,782.0,2,1.0
599146,0.0,0.0,782.0,2,1.0
599147,12.5,0.25,794.25,1,1.0
599148,0.0,0.0,794.25,1,1.0
599149,0.0,0.25,794.0,2,1.0
599150,0.0,0.0,794.0,2,1.0
599151,0.0,0.0,794.0,2,1.0
599152,-12.5,0.25,781.25,1,1.0
599153,0.0,0.0,781.25,1,1.0
599154,0.0,0.0,781.25,1,1.0
599155,0.0,0.0,781.25,1,1.0
599156,0.0,0.0,781.25,1,1.0
599157,0.0,0.25,781.0,2,1.0
599158,0.0,0.0,781.0,2,1.0
599159,0.0,0.25,780.75,1,1.0
599160,0.0,0.25,780.5,2,1.0
599161,0.0,0.0,780.5,2,1.0
599162,0.0,0.0,780.5,2,1.0
599163,-62.5,0.25,717.75,1,1.0
599164,0.0,0.0,717.75,1,1.0
599165,0.0,0.0,717.75,1,1.0
599166,0.0,0.0,717.75,1,1.0
599167,0.0,0.0,717.75,1,1.0
599168,0.0,0.25,717.5,2,1.0
599169,0.0,0.0,717.5,2,1.0
599170,0.0,0.25,717.25,1,1.0
599171,0.0,0.0,717.25,1,1.0
599172,-12.5,0.25,704.5,0,1.0
599173,0.0,0.0,704.5,0,1.0
599174,0.0,0.25,704.25,1,1.0
599175,0.0,0.0,704.25,1,1.0
599176,0.0,0.0,704.25,1,1.0
599177,-12.5,0.25,691.5,0,1.0
599178,0.0,0.25,691.25,1,1.0
599179,0.0,0.25,691.0,2,1.0
599180,0.0,0.0,691.0,2,1.0
599181,0.0,0.0,691.0,2,1.0
599182,0.0,0.0,691.0,2,1.0
599183,0.0,0.0,691.0,2,1.0
599184,0.0,0.0,691.0,2,1.0
599185,0.0,0.25,690.75,1,1.0
599186,0.0,0.0,690.75,1,1.0
599187,0.0,0.0,690.75,1,1.0
599188,12.5,0.25,703.0,0,1.0
599189,0.0,0.25,702.75,1,1.0
599190,0.0,0.0,702.75,1,1.0
599191,0.0,0.25,702.5,0,1.0
599192,0.0,0.0,702.5,0,1.0
599193,0.0,0.25,702.25,1,1.0
599194,0.0,0.0,702.25,1,1.0
599195,0.0,0.0,702.25,1,1.0
599196,0.0,0.0,702.25,1,1.0
599197,0.0,0.0,702.25,1,1.0
599198,0.0,0.0,702.25,1,1.0
599199,12.5,0.25,714.5,2,1.0
599200,0.0,0.0,714.5,2,1.0
599201,0.0,0.0,714.5,2,1.0
599202,0.0,0.0,714.5,2,1.0
599203,0.0,0.0,714.5,2,1.0
599204,0.0,0.0,714.5,2,1.0
599205,37.5,0.25,751.75,1,1.0
599206,-12.5,0.25,739.0,2,1.0
599207,0.0,0.0,739.0,2,1.0
599208,0.0,0.0,739.0,2,1.0
599209,0.0,0.0,739.0,2,1.0
599210,0.0,0.0,739.0,2,1.0
599211,0.0,0.0,739.0,2,1.0
599212,0.0,0.0,739.0,2,1.0
599213,0.0,0.0,739.0,2,1.0
599214,0.0,0.0,739.0,2,1.0
599215,0.0,0.0,739.0,2,1.0
599216,0.0,0.0,739.0,2,1.0
599217,37.5,0.25,776.25,1,1.0
599218,0.0,0.0,776.25,1,1.0
599219,-25.0,0.25,751.0,2,1.0
599220,0.0,0.0,751.0,2,1.0
599221,0.0,0.0,751.0,2,1.0
599222,0.0,0.0,751.0,2,1.0
599223,0.0,0.0,751.0,2,1.0
599224,-25.0,0.25,725.75,1,1.0
599225,12.5,0.25,738.0,2,1.0
599226,0.0,0.0,738.0,2,1.0
599227,0.0,0.0,738.0,2,1.0
599228,25.0,0.25,762.75,1,1.0
599229,0.0,0.25,762.5,2,1.0
599230,0.0,0.0,762.5,2,1.0
599231,0.0,0.0,762.5,2,1.0
599232,0.0,0.0,762.5,2,1.0
599233,0.0,0.0,762.5,2,1.0
599234,0.0,0.0,762.5,2,1.0
599235,-25.0,0.25,737.25,0,1.0
599236,0.0,0.25,737.0,1,1.0
599237,0.0,0.0,737.0,1,1.0
599238,0.0,0.0,737.0,1,1.0
599239,0.0,0.0,737.0,1,1.0
599240,-12.5,0.25,724.25,2,1.0
599241,0.0,0.0,724.25,2,1.0
599242,0.0,0.0,724.25,2,1.0
599243,0.0,0.0,724.25,2,1.0
599244,0.0,0.0,724.25,2,1.0
599245,25.0,0.25,749.0,0,1.0
599246,0.0,0.25,748.75,2,1.0
599247,0.0,0.0,748.75,2,1.0
599248,0.0,0.0,748.75,2,1.0
599249,0.0,0.25,748.5,1,1.0
599250,0.0,0.0,748.5,1,1.0
599251,0.0,0.25,748.25,2,1.0
599252,0.0,0.0,748.25,2,1.0
599253,0.0,0.0,748.25,2,1.0
599254,0.0,0.0,748.25,2,1.0
599255,0.0,0.0,748.25,2,1.0
599256,0.0,0.0,748.25,2,1.0
599257,0.0,0.0,748.25,2,1.0
599258,-12.5,0.25,735.5,1,1.0
599259,0.0,0.0,735.5,1,1.0
599260,0.0,0.25,735.25,2,1.0
599261,-12.5,0.25,722.5,1,1.0
599262,0.0,0.0,722.5,1,1.0
599263,0.0,0.0,722.5,1,1.0
599264,0.0,0.0,722.5,1,1.0
599265,0.0,0.0,722.5,1,1.0
599266,0.0,0.0,722.5,1,1.0
599267,0.0,0.0,722.5,1,1.0
599268,0.0,0.0,722.5,1,1.0
599269,0.0,0.25,722.25,2,1.0
599270,0.0,0.0,722.25,2,1.0
599271,0.0,0.0,722.25,2,1.0
599272,0.0,0.0,722.25,2,1.0
599273,0.0,0.0,722.25,2,1.0
599274,0.0,0.0,722.25,2,1.0
599275,-25.0,0.25,697.0,1,1.0
599276,0.0,0.0,697.0,1,1.0
599277,0.0,0.0,697.0,1,1.0
599278,0.0,0.0,697.0,1,1.0
599279,0.0,0.0,697.0,1,1.0
599280,0.0,0.0,697.0,1,1.0
599281,0.0,0.0,697.0,1,1.0
599282,0.0,0.0,697.0,1,1.0
599283,0.0,0.0,697.0,1,1.0
599284,37.5,0.25,734.25,2,1.0
599285,0.0,0.0,734.25,2,1.0
599286,0.0,0.0,734.25,2,1.0
599287,0.0,0.0,734.25,2,1.0
599288,25.0,0.25,759.0,1,1.0
599289,-12.5,0.25,746.25,2,1.0
599290,0.0,0.0,746.25,2,1.0
599291,0.0,0.0,746.25,2,1.0
599292,0.0,0.0,746.25,2,1.0
599293,-25.0,0.25,721.0,1,1.0
599294,0.0,0.0,721.0,1,1.0
599295,0.0,0.0,721.0,1,1.0
599296,0.0,0.0,721.0,1,1.0
599297,0.0,0.0,721.0,1,1.0
599298,-37.5,0.25,683.25,2,1.0
599299,0.0,0.0,683.25,2,1.0
599300,12.5,0.25,695.5,1,1.0
599301,12.5,0.25,707.75,2,1.0
599302,0.0,0.0,707.75,2,1.0
599303,37.5,0.25,745.0,1,1.0
599304,12.5,0.25,757.25,2,1.0
599305,0.0,0.0,757.25,2,1.0
599306,0.0,0.0,757.25,2,1.0
599307,0.0,0.0,757.25,2,1.0
599308,0.0,0.0,757.25,2,1.0
599309,0.0,0.0,757.25,2,1.0
599310,0.0,0.0,757.25,2,1.0
599311,37.5,0.25,794.5,1,1.0
599312,0.0,0.0,794.5,1,1.0
599313,0.0,0.0,794.5,1,1.0
599314,0.0,0.0,794.5,1,1.0
599315,0.0,0.0,794.5,1,1.0
599316,0.0,0.0,794.5,1,1.0
599317,0.0,0.0,794.5,1,1.0
599318,0.0,0.0,794.5,1,1.0
599319,37.5,0.25,831.75,2,1.0
599320,0.0,0.0,831.75,2,1.0
599321,0.0,0.0,831.75,2,1.0
599322,-37.5,0.25,794.0,1,1.0
599323,0.0,0.0,794.0,1,1.0
599324,0.0,0.0,794.0,1,1.0
599325,25.0,0.25,818.75,0,1.0
599326,0.0,0.25,818.5,1,1.0
599327,0.0,0.0,818.5,1,1.0
599328,0.0,0.0,818.5,1,1.0
599329,0.0,0.0,818.5,1,1.0
599330,-12.5,0.25,805.75,0,1.0
599331,0.0,0.25,805.5,2,1.0
599332,0.0,0.0,805.5,2,1.0
599333,0.0,0.25,805.25,1,1.0
599334,0.0,0.0,805.25,1,1.0
599335,0.0,0.25,805.0,2,1.0
599336,0.0,0.0,805.0,2,1.0
599337,0.0,0.0,805.0,2,1.0
599338,0.0,0.0,805.0,2,1.0
599339,0.0,0.0,805.0,2,1.0
599340,12.5,0.25,817.25,1,1.0
599341,0.0,0.0,817.25,1,1.0
599342,-12.5,0.25,804.5,2,1.0
599343,0.0,0.0,804.5,2,1.0
599344,0.0,0.0,804.5,2,1.0
599345,0.0,0.0,804.5,2,1.0
599346,-25.0,0.25,779.25,1,1.0
599347,0.0,0.0,779.25,1,1.0
599348,0.0,0.0,779.25,1,1.0
599349,0.0,0.0,779.25,1,1.0
599350,0.0,0.25,779.0,2,1.0
599351,0.0,0.0,779.0,2,1.0
599352,0.0,0.0,779.0,2,1.0
599353,0.0,0.0,779.0,2,1.0
599354,0.0,0.0,779.0,2,1.0
599355,0.0,0.0,779.0,2,1.0
599356,0.0,0.0,779.0,2,1.0
599357,25.0,0.25,803.75,1,1.0
599358,0.0,0.0,803.75,1,1.0
599359,12.5,0.25,816.0,2,1.0
599360,0.0,0.25,815.75,1,1.0
599361,0.0,0.0,815.75,1,1.0
599362,0.0,0.0,815.75,1,1.0
599363,0.0,0.0,815.75,1,1.0
599364,0.0,0.0,815.75,1,1.0
599365,0.0,0.0,815.75,1,1.0
599366,0.0,0.0,815.75,1,1.0
599367,0.0,0.0,815.75,1,1.0
599368,0.0,0.0,815.75,1,1.0
599369,50.0,0.25,865.5,2,1.0
599370,0.0,0.0,865.5,2,1.0
599371,0.0,0.0,865.5,2,1.0
599372,0.0,0.0,865.5,2,1.0
599373,0.0,0.0,865.5,2,1.0
599374,-62.5,0.25,802.75,0,1.0
599375,0.0,0.25,802.5,1,1.0
599376,0.0,0.0,802.5,1,1.0
599377,0.0,0.0,802.5,1,1.0
599378,0.0,0.0,802.5,1,1.0
599379,50.0,0.25,852.25,2,1.0
599380,37.5,0.25,889.5,1,1.0
599381,0.0,0.0,889.5,1,1.0
599382,-12.5,0.25,876.75,2,1.0
599383,0.0,0.0,876.75,2,1.0
599384,0.0,0.0,876.75,2,1.0
599385,0.0,0.0,876.75,2,1.0
599386,0.0,0.0,876.75,2,1.0
599387,0.0,0.0,876.75,2,1.0
599388,0.0,0.0,876.75,2,1.0
599389,0.0,0.0,876.75,2,1.0
599390,12.5,0.25,889.0,1,1.0
599391,0.0,0.0,889.0,1,1.0
599392,0.0,0.25,888.75,0,1.0
599393,0.0,0.25,888.5,2,1.0
599394,0.0,0.0,888.5,2,1.0
599395,0.0,0.0,888.5,2,1.0
599396,0.0,0.0,888.5,2,1.0
599397,0.0,0.0,888.5,2,1.0
599398,-37.5,0.25,850.75,1,1.0
599399,0.0,0.0,850.75,1,1.0
599400,0.0,0.0,850.75,1,1.0
599401,0.0,0.0,850.75,1,1.0
599402,0.0,0.0,850.75,1,1.0
599403,0.0,0.0,850.75,1,1.0
599404,0.0,0.0,850.75,1,1.0
599405,125.0,0.25,975.5,2,1.0
599406,0.0,0.25,975.25,1,1.0
599407,0.0,0.0,975.25,1,1.0
599408,0.0,0.0,975.25,1,1.0
599409,0.0,0.0,975.25,1,1.0
599410,-75.0,0.25,900.0,2,1.0
599411,0.0,0.0,900.0,2,1.0
599412,0.0,0.0,900.0,2,1.0
599413,0.0,0.0,900.0,2,1.0
599414,0.0,0.0,900.0,2,1.0
599415,0.0,0.0,900.0,2,1.0
599416,12.5,0.25,912.25,0,1.0
599417,0.0,0.25,912.0,1,1.0
599418,0.0,0.0,912.0,1,1.0
599419,0.0,0.0,912.0,1,1.0
599420,0.0,0.0,912.0,1,1.0
599421,0.0,0.0,912.0,1,1.0
599422,0.0,0.0,912.0,1,1.0
599423,0.0,0.0,912.0,1,1.0
599424,0.0,0.0,912.0,1,1.0
599425,0.0,0.0,912.0,1,1.0
599426,0.0,0.0,912.0,1,1.0
599427,0.0,0.0,912.0,1,1.0
599428,0.0,0.0,912.0,1,1.0
599429,-187.5,0.25,724.25,2,1.0
599430,-12.5,0.25,711.5,1,1.0
599431,0.0,0.0,711.5,1,1.0
599432,0.0,0.0,711.5,1,1.0
599433,0.0,0.0,711.5,1,1.0
599434,0.0,0.0,711.5,1,1.0
599435,0.0,0.0,711.5,1,1.0
599436,100.0,0.25,811.25,0,1.0
599437,0.0,0.25,811.0,1,1.0
599438,0.0,0.0,811.0,1,1.0
599439,0.0,0.0,811.0,1,1.0
599440,0.0,0.0,811.0,1,1.0
599441,0.0,0.0,811.0,1,1.0
599442,0.0,0.0,811.0,1,1.0
599443,0.0,0.0,811.0,1,1.0
599444,0.0,0.0,811.0,1,1.0
599445,0.0,0.0,811.0,1,1.0
599446,-87.5,0.25,723.25,2,1.0
599447,0.0,0.0,723.25,2,1.0
599448,0.0,0.0,723.25,2,1.0
599449,0.0,0.0,723.25,2,1.0
599450,12.5,0.25,735.5,1,1.0
599451,25.0,0.25,760.25,2,1.0
599452,12.5,0.25,772.5,1,1.0
599453,0.0,0.0,772.5,1,1.0
599454,0.0,0.0,772.5,1,1.0
599455,0.0,0.0,772.5,1,1.0
599456,0.0,0.0,772.5,1,1.0
599457,0.0,0.0,772.5,1,1.0
599458,0.0,0.0,772.5,1,1.0
599459,-12.5,0.25,759.75,2,1.0
599460,0.0,0.0,759.75,2,1.0
599461,0.0,0.0,759.75,2,1.0
599462,-75.0,0.25,684.5,1,1.0
599463,0.0,0.0,684.5,1,1.0
599464,0.0,0.0,684.5,1,1.0
599465,0.0,0.0,684.5,1,1.0
599466,0.0,0.0,684.5,1,1.0
599467,-62.5,0.25,621.75,2,1.0
599468,0.0,0.0,621.75,2,1.0
599469,0.0,0.0,621.75,2,1.0
599470,0.0,0.0,621.75,2,1.0
599471,0.0,0.0,621.75,2,1.0
599472,-12.5,0.25,609.0,1,1.0
599473,0.0,0.0,609.0,1,1.0
599474,0.0,0.0,609.0,1,1.0
599475,0.0,0.0,609.0,1,1.0
599476,0.0,0.0,609.0,1,1.0
599477,-62.5,0.25,546.25,2,1.0
599478,0.0,0.0,546.25,2,1.0
599479,-12.5,0.25,533.5,0,1.0
599480,0.0,0.25,533.25,1,1.0
599481,-50.0,0.25,483.0,2,1.0
599482,0.0,0.0,483.0,2,1.0
599483,0.0,0.0,483.0,2,1.0
599484,0.0,0.0,483.0,2,1.0
599485,0.0,0.0,483.0,2,1.0
599486,0.0,0.0,483.0,2,1.0
599487,0.0,0.0,483.0,2,1.0
599488,25.0,0.25,507.75,1,1.0
599489,0.0,0.0,507.75,1,1.0
599490,0.0,0.0,507.75,1,1.0
599491,0.0,0.0,507.75,1,1.0
599492,0.0,0.0,507.75,1,1.0
599493,0.0,0.0,507.75,1,1.0
599494,0.0,0.0,507.75,1,1.0
599495,0.0,0.0,507.75,1,1.0
599496,0.0,0.0,507.75,1,1.0
599497,0.0,0.25,507.5,0,1.0
599498,0.0,0.25,507.25,2,1.0
599499,0.0,0.0,507.25,2,1.0
599500,0.0,0.0,507.25,2,1.0
599501,0.0,0.0,507.25,2,1.0
599502,12.5,0.25,519.5,1,1.0
599503,0.0,0.25,519.25,2,1.0
599504,0.0,0.0,519.25,2,1.0
599505,0.0,0.0,519.25,2,1.0
599506,0.0,0.0,519.25,2,1.0
599507,0.0,0.0,519.25,2,1.0
599508,0.0,0.25,519.0,1,1.0
599509,0.0,0.0,519.0,1,1.0
599510,0.0,0.0,519.0,1,1.0
599511,75.0,0.25,593.75,2,1.0
599512,25.0,0.25,618.5,1,1.0
599513,0.0,0.0,618.5,1,1.0
599514,0.0,0.0,618.5,1,1.0
599515,0.0,0.0,618.5,1,1.0
599516,0.0,0.0,618.5,1,1.0
599517,0.0,0.0,618.5,1,1.0
599518,0.0,0.0,618.5,1,1.0
599519,0.0,0.25,618.25,2,1.0
599520,0.0,0.0,618.25,2,1.0
599521,0.0,0.0,618.25,2,1.0
599522,37.5,0.25,655.5,1,1.0
599523,0.0,0.25,655.25,2,1.0
599524,0.0,0.0,655.25,2,1.0
599525,0.0,0.0,655.25,2,1.0
599526,0.0,0.0,655.25,2,1.0
599527,0.0,0.0,655.25,2,1.0
599528,0.0,0.0,655.25,2,1.0
599529,0.0,0.0,655.25,2,1.0
599530,0.0,0.0,655.25,2,1.0
599531,0.0,0.0,655.25,2,1.0
599532,0.0,0.0,655.25,2,1.0
599533,0.0,0.0,655.25,2,1.0
599534,100.0,0.25,755.0,1,1.0
599535,0.0,0.0,755.0,1,1.0
599536,0.0,0.0,755.0,1,1.0
599537,0.0,0.0,755.0,1,1.0
599538,0.0,0.0,755.0,1,1.0
599539,0.0,0.0,755.0,1,1.0
599540,0.0,0.0,755.0,1,1.0
599541,0.0,0.0,755.0,1,1.0
599542,62.5,0.25,817.25,2,1.0
599543,0.0,0.0,817.25,2,1.0
599544,0.0,0.0,817.25,2,1.0
599545,-25.0,0.25,792.0,1,1.0
599546,0.0,0.0,792.0,1,1.0
599547,0.0,0.0,792.0,1,1.0
599548,0.0,0.0,792.0,1,1.0
599549,-25.0,0.25,766.75,2,1.0
599550,0.0,0.0,766.75,2,1.0
599551,-25.0,0.25,741.5,1,1.0
599552,0.0,0.0,741.5,1,1.0
599553,0.0,0.0,741.5,1,1.0
599554,0.0,0.0,741.5,1,1.0
599555,0.0,0.0,741.5,1,1.0
599556,0.0,0.0,741.5,1,1.0
599557,0.0,0.25,741.25,2,1.0
599558,-75.0,0.25,666.0,0,1.0
599559,0.0,0.25,665.75,1,1.0
599560,0.0,0.0,665.75,1,1.0
599561,0.0,0.0,665.75,1,1.0
599562,0.0,0.0,665.75,1,1.0
599563,-25.0,0.25,640.5,0,1.0
599564,0.0,0.0,640.5,0,1.0
599565,0.0,0.0,640.5,0,1.0
599566,0.0,0.25,640.25,2,1.0
599567,0.0,0.0,640.25,2,1.0
599568,0.0,0.0,640.25,2,1.0
599569,0.0,0.0,640.25,2,1.0
599570,0.0,0.0,640.25,2,1.0
599571,0.0,0.0,640.25,2,1.0
599572,12.5,0.25,652.5,1,1.0
599573,0.0,0.0,652.5,1,1.0
599574,0.0,0.0,652.5,1,1.0
599575,0.0,0.25,652.25,0,1.0
599576,0.0,0.25,652.0,2,1.0
599577,0.0,0.25,651.75,1,1.0
599578,0.0,0.0,651.75,1,1.0
599579,0.0,0.0,651.75,1,1.0
599580,0.0,0.0,651.75,1,1.0
599581,0.0,0.0,651.75,1,1.0
599582,0.0,0.0,651.75,1,1.0
599583,25.0,0.25,676.5,2,1.0
599584,0.0,0.0,676.5,2,1.0
599585,-25.0,0.25,651.25,1,1.0
599586,0.0,0.0,651.25,1,1.0
599587,0.0,0.0,651.25,1,1.0
599588,0.0,0.0,651.25,1,1.0
599589,-12.5,0.25,638.5,2,1.0
599590,0.0,0.0,638.5,2,1.0
599591,-37.5,0.25,600.75,1,1.0
599592,0.0,0.0,600.75,1,1.0
599593,0.0,0.0,600.75,1,1.0
599594,0.0,0.0,600.75,1,1.0
599595,12.5,0.25,613.0,2,1.0
599596,0.0,0.0,613.0,2,1.0
599597,-25.0,0.25,587.75,1,1.0
599598,0.0,0.0,587.75,1,1.0
599599,0.0,0.0,587.75,1,1.0
599600,0.0,0.0,587.75,1,1.0
599601,-12.5,0.25,575.0,2,1.0
599602,0.0,0.0,575.0,2,1.0
599603,-25.0,0.25,549.75,1,1.0
599604,0.0,0.0,549.75,1,1.0
599605,0.0,0.0,549.75,1,1.0
599606,0.0,0.0,549.75,1,1.0
599607,0.0,0.0,549.75,1,1.0
599608,0.0,0.0,549.75,1,1.0
599609,0.0,0.0,549.75,1,1.0
599610,0.0,0.0,549.75,1,1.0
599611,0.0,0.0,549.75,1,1.0
599612,0.0,0.0,549.75,1,1.0
599613,50.0,0.25,599.5,2,1.0
599614,0.0,0.0,599.5,2,1.0
599615,0.0,0.0,599.5,2,1.0
599616,-37.5,0.25,561.75,1,1.0
599617,0.0,0.0,561.75,1,1.0
599618,-12.5,0.25,549.0,0,1.0
599619,0.0,0.25,548.75,1,1.0
599620,-25.0,0.25,523.5,2,1.0
599621,0.0,0.0,523.5,2,1.0
599622,0.0,0.0,523.5,2,1.0
599623,0.0,0.0,523.5,2,1.0
599624,0.0,0.0,523.5,2,1.0
599625,0.0,0.0,523.5,2,1.0
599626,0.0,0.0,523.5,2,1.0
599627,-25.0,0.25,498.25,0,1.0
599628,0.0,0.25,498.0,1,1.0
599629,0.0,0.0,498.0,1,1.0
599630,0.0,0.0,498.0,1,1.0
599631,0.0,0.0,498.0,1,1.0
599632,0.0,0.25,497.75,2,1.0
599633,0.0,0.0,497.75,2,1.0
599634,12.5,0.25,510.0,1,1.0
599635,0.0,0.0,510.0,1,1.0
599636,0.0,0.0,510.0,1,1.0
599637,0.0,0.25,509.75,0,1.0
599638,0.0,0.0,509.75,0,1.0
599639,0.0,0.0,509.75,0,1.0
599640,0.0,0.0,509.75,0,1.0
599641,0.0,0.25,509.5,2,1.0
599642,37.5,0.25,546.75,0,1.0
599643,0.0,0.25,546.5,1,1.0
599644,0.0,0.0,546.5,1,1.0
599645,-50.0,0.25,496.25,2,1.0
599646,0.0,0.0,496.25,2,1.0
599647,-25.0,0.25,471.0,1,1.0
599648,25.0,0.25,495.75,2,1.0
599649,0.0,0.0,495.75,2,1.0
599650,0.0,0.25,495.5,1,1.0
599651,0.0,0.0,495.5,1,1.0
599652,-25.0,0.25,470.25,0,1.0
599653,0.0,0.25,470.0,2,1.0
599654,0.0,0.0,470.0,2,1.0
599655,0.0,0.0,470.0,2,1.0
599656,0.0,0.0,470.0,2,1.0
599657,-25.0,0.25,444.75,1,1.0
599658,0.0,0.0,444.75,1,1.0
599659,0.0,0.0,444.75,1,1.0
599660,0.0,0.25,444.5,2,1.0
599661,0.0,0.0,444.5,2,1.0
599662,0.0,0.25,444.25,1,1.0
599663,12.5,0.25,456.5,2,1.0
599664,0.0,0.0,456.5,2,1.0
599665,0.0,0.25,456.25,1,1.0
599666,0.0,0.0,456.25,1,1.0
599667,-37.5,0.25,418.5,2,1.0
599668,0.0,0.0,418.5,2,1.0
599669,0.0,0.0,418.5,2,1.0
599670,0.0,0.0,418.5,2,1.0
599671,0.0,0.0,418.5,2,1.0
599672,0.0,0.0,418.5,2,1.0
599673,50.0,0.25,468.25,1,1.0
599674,0.0,0.0,468.25,1,1.0
599675,-12.5,0.25,455.5,2,1.0
599676,0.0,0.0,455.5,2,1.0
599677,0.0,0.0,455.5,2,1.0
599678,-62.5,0.25,392.75,1,1.0
599679,-37.5,0.25,355.0,2,1.0
599680,-12.5,0.25,342.25,1,1.0
599681,0.0,0.0,342.25,1,1.0
599682,12.5,0.25,354.5,2,1.0
599683,-12.5,0.25,341.75,1,1.0
599684,-12.5,0.25,329.0,2,1.0
599685,25.0,0.25,353.75,1,1.0
599686,12.5,0.25,366.0,2,1.0
599687,0.0,0.0,366.0,2,1.0
599688,0.0,0.0,366.0,2,1.0
599689,0.0,0.0,366.0,2,1.0
599690,0.0,0.0,366.0,2,1.0
599691,12.5,0.25,378.25,0,1.0
599692,0.0,0.25,378.0,2,1.0
599693,0.0,0.0,378.0,2,1.0
599694,25.0,0.25,402.75,1,1.0
599695,0.0,0.0,402.75,1,1.0
599696,-25.0,0.25,377.5,0,1.0
599697,0.0,0.0,377.5,0,1.0
599698,0.0,0.25,377.25,2,1.0
599699,0.0,0.0,377.25,2,1.0
599700,0.0,0.0,377.25,2,1.0
599701,0.0,0.0,377.25,2,1.0
599702,-25.0,0.25,352.0,1,1.0
599703,0.0,0.0,352.0,1,1.0
599704,0.0,0.0,352.0,1,1.0
599705,-12.5,0.25,339.25,0,1.0
599706,0.0,0.0,339.25,0,1.0
599707,0.0,0.0,339.25,0,1.0
599708,0.0,0.25,339.0,1,1.0
599709,0.0,0.25,338.75,2,1.0
599710,0.0,0.0,338.75,2,1.0
599711,0.0,0.0,338.75,2,1.0
599712,-12.5,0.25,326.0,0,1.0
599713,0.0,0.25,325.75,1,1.0
599714,0.0,0.0,325.75,1,1.0
599715,0.0,0.0,325.75,1,1.0
599716,0.0,0.0,325.75,1,1.0
599717,0.0,0.0,325.75,1,1.0
599718,0.0,0.0,325.75,1,1.0
599719,0.0,0.0,325.75,1,1.0
599720,0.0,0.0,325.75,1,1.0
599721,0.0,0.0,325.75,1,1.0
599722,62.5,0.25,388.0,2,1.0
599723,0.0,0.25,387.75,1,1.0
599724,25.0,0.25,412.5,2,1.0
599725,0.0,0.0,412.5,2,1.0
599726,25.0,0.25,437.25,1,1.0
599727,0.0,0.0,437.25,1,1.0
599728,0.0,0.0,437.25,1,1.0
599729,0.0,0.25,437.0,2,1.0
599730,0.0,0.0,437.0,2,1.0
599731,0.0,0.0,437.0,2,1.0
599732,0.0,0.25,436.75,1,1.0
599733,0.0,0.0,436.75,1,1.0
599734,12.5,0.25,449.0,2,1.0
599735,0.0,0.0,449.0,2,1.0
599736,12.5,0.25,461.25,1,1.0
599737,-25.0,0.25,436.0,2,1.0
599738,0.0,0.0,436.0,2,1.0
599739,0.0,0.0,436.0,2,1.0
599740,0.0,0.0,436.0,2,1.0
599741,0.0,0.0,436.0,2,1.0
599742,0.0,0.25,435.75,1,1.0
599743,0.0,0.0,435.75,1,1.0
599744,0.0,0.0,435.75,1,1.0
599745,25.0,0.25,460.5,2,1.0
599746,0.0,0.0,460.5,2,1.0
599747,-12.5,0.25,447.75,1,1.0
599748,0.0,0.0,447.75,1,1.0
599749,0.0,0.0,447.75,1,1.0
599750,0.0,0.0,447.75,1,1.0
599751,0.0,0.25,447.5,2,1.0
599752,50.0,0.25,497.25,1,1.0
599753,-37.5,0.25,459.5,2,1.0
599754,0.0,0.0,459.5,2,1.0
599755,0.0,0.0,459.5,2,1.0
599756,0.0,0.0,459.5,2,1.0
599757,0.0,0.0,459.5,2,1.0
599758,0.0,0.0,459.5,2,1.0
599759,0.0,0.25,459.25,1,1.0
599760,0.0,0.0,459.25,1,1.0
599761,0.0,0.0,459.25,1,1.0
599762,0.0,0.0,459.25,1,1.0
599763,0.0,0.0,459.25,1,1.0
599764,0.0,0.0,459.25,1,1.0
599765,0.0,0.0,459.25,1,1.0
599766,0.0,0.0,459.25,1,1.0
599767,37.5,0.25,496.5,2,1.0
599768,25.0,0.25,521.25,0,1.0
599769,0.0,0.25,521.0,1,1.0
599770,37.5,0.25,558.25,2,1.0
599771,0.0,0.0,558.25,2,1.0
599772,0.0,0.0,558.25,2,1.0
599773,62.5,0.25,620.5,1,1.0
599774,0.0,0.25,620.25,2,1.0
599775,0.0,0.0,620.25,2,1.0
599776,0.0,0.0,620.25,2,1.0
599777,0.0,0.0,620.25,2,1.0
599778,0.0,0.0,620.25,2,1.0
599779,0.0,0.0,620.25,2,1.0
599780,0.0,0.0,620.25,2,1.0
599781,37.5,0.25,657.5,1,1.0
599782,0.0,0.0,657.5,1,1.0
599783,0.0,0.0,657.5,1,1.0
599784,0.0,0.0,657.5,1,1.0
599785,0.0,0.0,657.5,1,1.0
599786,37.5,0.25,694.75,2,1.0
599787,12.5,0.25,707.0,1,1.0
599788,0.0,0.0,707.0,1,1.0
599789,0.0,0.0,707.0,1,1.0
599790,0.0,0.0,707.0,1,1.0
599791,-37.5,0.25,669.25,2,1.0
599792,0.0,0.0,669.25,2,1.0
599793,0.0,0.0,669.25,2,1.0
599794,12.5,0.25,681.5,1,1.0
599795,0.0,0.0,681.5,1,1.0
599796,0.0,0.0,681.5,1,1.0
599797,0.0,0.0,681.5,1,1.0
599798,-50.0,0.25,631.25,2,1.0
599799,0.0,0.0,631.25,2,1.0
599800,0.0,0.0,631.25,2,1.0
599801,0.0,0.0,631.25,2,1.0
599802,-12.5,0.25,618.5,1,1.0
599803,0.0,0.0,618.5,1,1.0
599804,12.5,0.25,630.75,2,1.0
599805,0.0,0.0,630.75,2,1.0
599806,12.5,0.25,643.0,1,1.0
599807,0.0,0.0,643.0,1,1.0
599808,0.0,0.0,643.0,1,1.0
599809,-12.5,0.25,630.25,2,1.0
599810,0.0,0.0,630.25,2,1.0
599811,0.0,0.0,630.25,2,1.0
599812,0.0,0.0,630.25,2,1.0
599813,0.0,0.0,630.25,2,1.0
599814,-12.5,0.25,617.5,1,1.0
599815,12.5,0.25,629.75,2,1.0
599816,25.0,0.25,654.5,1,1.0
599817,0.0,0.25,654.25,2,1.0
599818,0.0,0.0,654.25,2,1.0
599819,0.0,0.0,654.25,2,1.0
599820,0.0,0.0,654.25,2,1.0
599821,-12.5,0.25,641.5,1,1.0
599822,0.0,0.0,641.5,1,1.0
599823,0.0,0.0,641.5,1,1.0
599824,0.0,0.0,641.5,1,1.0
599825,0.0,0.0,641.5,1,1.0
599826,0.0,0.0,641.5,1,1.0
599827,0.0,0.0,641.5,1,1.0
599828,0.0,0.25,641.25,0,1.0
599829,0.0,0.0,641.25,0,1.0
599830,0.0,0.25,641.0,2,1.0
599831,0.0,0.0,641.0,2,1.0
599832,-12.5,0.25,628.25,1,1.0
599833,0.0,0.25,628.0,2,1.0
599834,0.0,0.25,627.75,1,1.0
599835,0.0,0.0,627.75,1,1.0
599836,0.0,0.0,627.75,1,1.0
599837,-12.5,0.25,615.0,0,1.0
599838,0.0,0.25,614.75,2,1.0
599839,0.0,0.0,614.75,2,1.0
599840,0.0,0.0,614.75,2,1.0
599841,0.0,0.0,614.75,2,1.0
599842,0.0,0.0,614.75,2,1.0
599843,0.0,0.0,614.75,2,1.0
599844,12.5,0.25,627.0,1,1.0
599845,0.0,0.0,627.0,1,1.0
599846,0.0,0.0,627.0,1,1.0
599847,0.0,0.0,627.0,1,1.0
599848,12.5,0.25,639.25,2,1.0
599849,0.0,0.25,639.0,1,1.0
599850,0.0,0.0,639.0,1,1.0
599851,0.0,0.0,639.0,1,1.0
599852,0.0,0.0,639.0,1,1.0
599853,0.0,0.0,639.0,1,1.0
599854,0.0,0.0,639.0,1,1.0
599855,0.0,0.0,639.0,1,1.0
599856,12.5,0.25,651.25,2,1.0
599857,0.0,0.0,651.25,2,1.0
599858,0.0,0.0,651.25,2,1.0
599859,0.0,0.0,651.25,2,1.0
599860,0.0,0.0,651.25,2,1.0
599861,0.0,0.0,651.25,2,1.0
599862,0.0,0.0,651.25,2,1.0
599863,0.0,0.0,651.25,2,1.0
599864,12.5,0.25,663.5,1,1.0
599865,12.5,0.25,675.75,0,1.0
599866,0.0,0.25,675.5,1,1.0
599867,0.0,0.0,675.5,1,1.0
599868,0.0,0.0,675.5,1,1.0
599869,0.0,0.0,675.5,1,1.0
599870,0.0,0.0,675.5,1,1.0
599871,0.0,0.0,675.5,1,1.0
599872,0.0,0.25,675.25,0,1.0
599873,0.0,0.0,675.25,0,1.0
599874,0.0,0.0,675.25,0,1.0
599875,0.0,0.0,675.25,0,1.0
599876,0.0,0.25,675.0,2,1.0
599877,0.0,0.0,675.0,2,1.0
599878,0.0,0.0,675.0,2,1.0
599879,0.0,0.0,675.0,2,1.0
599880,-25.0,0.25,649.75,1,1.0
599881,0.0,0.0,649.75,1,1.0
599882,0.0,0.0,649.75,1,1.0
599883,0.0,0.0,649.75,1,1.0
599884,0.0,0.0,649.75,1,1.0
599885,0.0,0.0,649.75,1,1.0
599886,0.0,0.0,649.75,1,1.0
599887,0.0,0.25,649.5,2,1.0
599888,0.0,0.0,649.5,2,1.0
599889,0.0,0.0,649.5,2,1.0
599890,0.0,0.25,649.25,1,1.0
599891,0.0,0.0,649.25,1,1.0
599892,12.5,0.25,661.5,2,1.0
599893,0.0,0.0,661.5,2,1.0
599894,0.0,0.0,661.5,2,1.0
599895,12.5,0.25,673.75,1,1.0
599896,12.5,0.25,686.0,0,1.0
599897,0.0,0.0,686.0,0,1.0
599898,0.0,0.25,685.75,1,1.0
599899,0.0,0.0,685.75,1,1.0
599900,0.0,0.0,685.75,1,1.0
599901,0.0,0.25,685.5,0,1.0
599902,0.0,0.0,685.5,0,1.0
599903,0.0,0.0,685.5,0,1.0
599904,0.0,0.25,685.25,2,1.0
599905,0.0,0.0,685.25,2,1.0
599906,0.0,0.0,685.25,2,1.0
599907,-25.0,0.25,660.0,1,1.0
599908,0.0,0.0,660.0,1,1.0
599909,0.0,0.0,660.0,1,1.0
599910,-12.5,0.25,647.25,2,1.0
599911,0.0,0.0,647.25,2,1.0
599912,0.0,0.0,647.25,2,1.0
599913,0.0,0.25,647.0,1,1.0
599914,0.0,0.0,647.0,1,1.0
599915,0.0,0.0,647.0,1,1.0
599916,0.0,0.25,646.75,2,1.0
599917,0.0,0.0,646.75,2,1.0
599918,0.0,0.0,646.75,2,1.0
599919,0.0,0.0,646.75,2,1.0
599920,0.0,0.25,646.5,0,1.0
599921,0.0,0.0,646.5,0,1.0
599922,0.0,0.0,646.5,0,1.0
599923,0.0,0.25,646.25,1,1.0
599924,0.0,0.0,646.25,1,1.0
599925,0.0,0.25,646.0,2,1.0
599926,0.0,0.0,646.0,2,1.0
599927,0.0,0.0,646.0,2,1.0
599928,0.0,0.0,646.0,2,1.0
599929,0.0,0.0,646.0,2,1.0
599930,0.0,0.0,646.0,2,1.0
599931,0.0,0.25,645.75,1,1.0
599932,0.0,0.0,645.75,1,1.0
599933,0.0,0.0,645.75,1,1.0
599934,12.5,0.25,658.0,2,1.0
599935,0.0,0.0,658.0,2,1.0
599936,0.0,0.25,657.75,1,1.0
599937,0.0,0.0,657.75,1,1.0
599938,0.0,0.0,657.75,1,1.0
599939,0.0,0.25,657.5,2,1.0
599940,0.0,0.0,657.5,2,1.0
599941,0.0,0.0,657.5,2,1.0
599942,12.5,0.25,669.75,1,1.0
599943,0.0,0.25,669.5,2,1.0
599944,0.0,0.0,669.5,2,1.0
599945,0.0,0.0,669.5,2,1.0
599946,0.0,0.0,669.5,2,1.0
599947,-25.0,0.25,644.25,1,1.0
599948,0.0,0.0,644.25,1,1.0
599949,0.0,0.0,644.25,1,1.0
599950,0.0,0.0,644.25,1,1.0
599951,0.0,0.25,644.0,2,1.0
599952,0.0,0.0,644.0,2,1.0
599953,0.0,0.25,643.75,1,1.0
599954,0.0,0.0,643.75,1,1.0
599955,0.0,0.0,643.75,1,1.0
599956,12.5,0.25,656.0,0,1.0
599957,0.0,0.25,655.75,2,1.0
599958,0.0,0.25,655.5,1,1.0
599959,0.0,0.25,655.25,0,1.0
599960,0.0,0.0,655.25,0,1.0
599961,0.0,0.0,655.25,0,1.0
599962,0.0,0.0,655.25,0,1.0
599963,0.0,0.0,655.25,0,1.0
599964,0.0,0.25,655.0,1,1.0
599965,12.5,0.25,667.25,0,1.0
599966,0.0,0.25,667.0,1,1.0
599967,0.0,0.0,667.0,1,1.0
599968,0.0,0.0,667.0,1,1.0
599969,12.5,0.25,679.25,0,1.0
599970,0.0,0.25,679.0,1,1.0
599971,0.0,0.0,679.0,1,1.0
599972,25.0,0.25,703.75,2,1.0
599973,0.0,0.0,703.75,2,1.0
599974,0.0,0.25,703.5,0,1.0
599975,0.0,0.25,703.25,1,1.0
599976,0.0,0.0,703.25,1,1.0
599977,0.0,0.25,703.0,2,1.0
599978,0.0,0.0,703.0,2,1.0
599979,0.0,0.0,703.0,2,1.0
599980,0.0,0.0,703.0,2,1.0
599981,0.0,0.0,703.0,2,1.0
599982,0.0,0.0,703.0,2,1.0
599983,0.0,0.25,702.75,1,1.0
599984,0.0,0.0,702.75,1,1.0
599985,12.5,0.25,715.0,2,1.0
599986,0.0,0.0,715.0,2,1.0
599987,12.5,0.25,727.25,1,1.0
599988,0.0,0.0,727.25,1,1.0
599989,0.0,0.25,727.0,0,1.0
599990,0.0,0.25,726.75,2,1.0
599991,0.0,0.0,726.75,2,1.0
599992,0.0,0.0,726.75,2,1.0
599993,0.0,0.0,726.75,2,1.0
599994,0.0,0.0,726.75,2,1.0
599995,0.0,0.0,726.75,2,1.0
599996,-12.5,0.25,714.0,1,1.0
599997,0.0,0.0,714.0,1,1.0
599998,0.0,0.0,714.0,1,1.0
599999,0.0,0.0,714.0,1,1.0
600000,0.0,0.25,713.75,2,1.0
600001,0.0,0.0,713.75,2,1.0
600002,0.0,0.0,713.75,2,1.0
600003,0.0,0.0,713.75,2,1.0
600004,0.0,0.0,713.75,2,1.0
600005,0.0,0.0,713.75,2,1.0
600006,0.0,0.0,713.75,2,1.0
600007,0.0,0.0,713.75,2,1.0
600008,0.0,0.0,713.75,2,1.0
600009,0.0,0.0,713.75,2,1.0
600010,0.0,0.0,713.75,2,1.0
600011,0.0,0.0,713.75,2,1.0
600012,0.0,0.0,713.75,2,1.0
600013,0.0,0.0,713.75,2,1.0
600014,0.0,0.0,713.75,2,1.0
600015,0.0,0.0,713.75,2,1.0
600016,0.0,0.0,713.75,2,1.0
600017,0.0,0.0,713.75,2,1.0
600018,0.0,0.0,713.75,2,1.0
600019,0.0,0.25,713.5,1,1.0
600020,0.0,0.0,713.5,1,1.0
600021,0.0,0.0,713.5,1,1.0
600022,0.0,0.0,713.5,1,1.0
600023,0.0,0.0,713.5,1,1.0
600024,0.0,0.0,713.5,1,1.0
600025,0.0,0.25,713.25,2,1.0
600026,0.0,0.0,713.25,2,1.0
600027,-12.5,0.25,700.5,1,1.0
600028,0.0,0.0,700.5,1,1.0
600029,0.0,0.0,700.5,1,1.0
600030,0.0,0.0,700.5,1,1.0
600031,-12.5,0.25,687.75,2,1.0
600032,0.0,0.0,687.75,2,1.0
600033,0.0,0.25,687.5,1,1.0
600034,12.5,0.25,699.75,2,1.0
600035,12.5,0.25,712.0,1,1.0
600036,12.5,0.25,724.25,2,1.0
600037,0.0,0.25,724.0,1,1.0
600038,0.0,0.0,724.0,1,1.0
600039,0.0,0.0,724.0,1,1.0
600040,0.0,0.0,724.0,1,1.0
600041,-12.5,0.25,711.25,2,1.0
600042,0.0,0.0,711.25,2,1.0
600043,0.0,0.0,711.25,2,1.0
600044,0.0,0.0,711.25,2,1.0
600045,-12.5,0.25,698.5,1,1.0
600046,0.0,0.0,698.5,1,1.0
600047,-25.0,0.25,673.25,2,1.0
600048,-12.5,0.25,660.5,1,1.0
600049,0.0,0.0,660.5,1,1.0
600050,-37.5,0.25,622.75,2,1.0
600051,0.0,0.0,622.75,2,1.0
600052,0.0,0.0,622.75,2,1.0
600053,0.0,0.0,622.75,2,1.0
600054,0.0,0.0,622.75,2,1.0
600055,0.0,0.0,622.75,2,1.0
600056,0.0,0.0,622.75,2,1.0
600057,0.0,0.0,622.75,2,1.0
600058,0.0,0.0,622.75,2,1.0
600059,0.0,0.25,622.5,1,1.0
600060,0.0,0.0,622.5,1,1.0
600061,0.0,0.0,622.5,1,1.0
600062,0.0,0.0,622.5,1,1.0
600063,0.0,0.0,622.5,1,1.0
600064,0.0,0.25,622.25,2,1.0
600065,0.0,0.0,622.25,2,1.0
600066,-12.5,0.25,609.5,1,1.0
600067,0.0,0.0,609.5,1,1.0
600068,0.0,0.0,609.5,1,1.0
600069,0.0,0.0,609.5,1,1.0
600070,0.0,0.0,609.5,1,1.0
600071,0.0,0.25,609.25,2,1.0
600072,0.0,0.0,609.25,2,1.0
600073,0.0,0.25,609.0,1,1.0
600074,12.5,0.25,621.25,2,1.0
600075,0.0,0.25,621.0,1,1.0
600076,0.0,0.0,621.0,1,1.0
600077,0.0,0.0,621.0,1,1.0
600078,0.0,0.0,621.0,1,1.0
600079,0.0,0.0,621.0,1,1.0
600080,0.0,0.0,621.0,1,1.0
600081,12.5,0.25,633.25,0,1.0
600082,0.0,0.0,633.25,0,1.0
600083,0.0,0.25,633.0,1,1.0
600084,0.0,0.0,633.0,1,1.0
600085,0.0,0.0,633.0,1,1.0
600086,0.0,0.0,633.0,1,1.0
600087,0.0,0.0,633.0,1,1.0
600088,0.0,0.0,633.0,1,1.0
600089,0.0,0.25,632.75,2,1.0
600090,-12.5,0.25,620.0,1,1.0
600091,0.0,0.0,620.0,1,1.0
600092,-12.5,0.25,607.25,2,1.0
600093,-12.5,0.25,594.5,1,1.0
600094,0.0,0.0,594.5,1,1.0
600095,-12.5,0.25,581.75,2,1.0
600096,12.5,0.25,594.0,0,1.0
600097,0.0,0.25,593.75,2,1.0
600098,0.0,0.0,593.75,2,1.0
600099,0.0,0.0,593.75,2,1.0
600100,-25.0,0.25,568.5,1,1.0
600101,0.0,0.25,568.25,0,1.0
600102,0.0,0.25,568.0,1,1.0
600103,0.0,0.0,568.0,1,1.0
600104,-12.5,0.25,555.25,2,1.0
600105,0.0,0.0,555.25,2,1.0
600106,0.0,0.0,555.25,2,1.0
600107,0.0,0.0,555.25,2,1.0
600108,-12.5,0.25,542.5,1,1.0
600109,0.0,0.0,542.5,1,1.0
600110,0.0,0.0,542.5,1,1.0
600111,0.0,0.0,542.5,1,1.0
600112,0.0,0.0,542.5,1,1.0
600113,0.0,0.0,542.5,1,1.0
600114,0.0,0.25,542.25,2,1.0
600115,0.0,0.0,542.25,2,1.0
600116,0.0,0.0,542.25,2,1.0
600117,0.0,0.0,542.25,2,1.0
600118,0.0,0.0,542.25,2,1.0
600119,0.0,0.0,542.25,2,1.0
600120,0.0,0.0,542.25,2,1.0
600121,12.5,0.25,554.5,1,1.0
600122,0.0,0.0,554.5,1,1.0
600123,12.5,0.25,566.75,2,1.0
600124,0.0,0.0,566.75,2,1.0
600125,12.5,0.25,579.0,1,1.0
600126,0.0,0.0,579.0,1,1.0
600127,0.0,0.25,578.75,2,1.0
600128,0.0,0.25,578.5,1,1.0
600129,12.5,0.25,590.75,2,1.0
600130,0.0,0.25,590.5,1,1.0
600131,0.0,0.0,590.5,1,1.0
600132,0.0,0.0,590.5,1,1.0
600133,0.0,0.0,590.5,1,1.0
600134,-12.5,0.25,577.75,2,1.0
600135,0.0,0.0,577.75,2,1.0
600136,0.0,0.0,577.75,2,1.0
600137,0.0,0.0,577.75,2,1.0
600138,0.0,0.0,577.75,2,1.0
600139,0.0,0.0,577.75,2,1.0
600140,0.0,0.0,577.75,2,1.0
600141,0.0,0.0,577.75,2,1.0
600142,0.0,0.25,577.5,1,1.0
600143,0.0,0.25,577.25,2,1.0
600144,0.0,0.0,577.25,2,1.0
600145,0.0,0.0,577.25,2,1.0
600146,0.0,0.0,577.25,2,1.0
600147,0.0,0.0,577.25,2,1.0
600148,0.0,0.0,577.25,2,1.0
600149,0.0,0.0,577.25,2,1.0
600150,0.0,0.0,577.25,2,1.0
600151,0.0,0.0,577.25,2,1.0
600152,0.0,0.0,577.25,2,1.0
600153,0.0,0.0,577.25,2,1.0
600154,0.0,0.25,577.0,1,1.0
600155,0.0,0.0,577.0,1,1.0
600156,0.0,0.0,577.0,1,1.0
600157,0.0,0.0,577.0,1,1.0
600158,0.0,0.0,577.0,1,1.0
600159,-12.5,0.25,564.25,2,1.0
600160,0.0,0.0,564.25,2,1.0
600161,0.0,0.0,564.25,2,1.0
600162,0.0,0.0,564.25,2,1.0
600163,0.0,0.0,564.25,2,1.0
600164,25.0,0.25,589.0,1,1.0
600165,12.5,0.25,601.25,2,1.0
600166,0.0,0.0,601.25,2,1.0
600167,0.0,0.0,601.25,2,1.0
600168,0.0,0.25,601.0,1,1.0
600169,0.0,0.0,601.0,1,1.0
600170,12.5,0.25,613.25,2,1.0
600171,12.5,0.25,625.5,1,1.0
600172,0.0,0.0,625.5,1,1.0
600173,25.0,0.25,650.25,2,1.0
600174,0.0,0.0,650.25,2,1.0
600175,0.0,0.25,650.0,1,1.0
600176,0.0,0.0,650.0,1,1.0
600177,0.0,0.0,650.0,1,1.0
600178,12.5,0.25,662.25,2,1.0
600179,0.0,0.25,662.0,1,1.0
600180,0.0,0.25,661.75,0,1.0
600181,0.0,0.25,661.5,1,1.0
600182,0.0,0.0,661.5,1,1.0
600183,-12.5,0.25,648.75,2,1.0
600184,0.0,0.25,648.5,0,1.0
600185,0.0,0.25,648.25,1,1.0
600186,12.5,0.25,660.5,2,1.0
600187,0.0,0.25,660.25,1,1.0
600188,-12.5,0.25,647.5,2,1.0
600189,-12.5,0.25,634.75,1,1.0
600190,0.0,0.0,634.75,1,1.0
600191,0.0,0.0,634.75,1,1.0
600192,-12.5,0.25,622.0,2,1.0
600193,0.0,0.0,622.0,2,1.0
600194,0.0,0.25,621.75,0,1.0
600195,0.0,0.25,621.5,2,1.0
600196,0.0,0.0,621.5,2,1.0
600197,0.0,0.0,621.5,2,1.0
600198,0.0,0.25,621.25,1,1.0
600199,0.0,0.0,621.25,1,1.0
600200,0.0,0.25,621.0,2,1.0
600201,0.0,0.0,621.0,2,1.0
600202,0.0,0.0,621.0,2,1.0
600203,0.0,0.0,621.0,2,1.0
600204,0.0,0.0,621.0,2,1.0
600205,0.0,0.0,621.0,2,1.0
600206,0.0,0.0,621.0,2,1.0
600207,0.0,0.0,621.0,2,1.0
600208,0.0,0.0,621.0,2,1.0
600209,62.5,0.25,683.25,0,1.0
600210,0.0,0.25,683.0,2,1.0
600211,0.0,0.0,683.0,2,1.0
600212,0.0,0.0,683.0,2,1.0
600213,0.0,0.0,683.0,2,1.0
600214,-12.5,0.25,670.25,1,1.0
600215,0.0,0.0,670.25,1,1.0
600216,0.0,0.0,670.25,1,1.0
600217,12.5,0.25,682.5,0,1.0
600218,0.0,0.0,682.5,0,1.0
600219,0.0,0.25,682.25,1,1.0
600220,0.0,0.0,682.25,1,1.0
600221,0.0,0.0,682.25,1,1.0
600222,0.0,0.25,682.0,2,1.0
600223,0.0,0.0,682.0,2,1.0
600224,12.5,0.25,694.25,0,1.0
600225,0.0,0.25,694.0,2,1.0
600226,0.0,0.0,694.0,2,1.0
600227,-12.5,0.25,681.25,1,1.0
600228,0.0,0.0,681.25,1,1.0
600229,0.0,0.0,681.25,1,1.0
600230,0.0,0.0,681.25,1,1.0
600231,0.0,0.0,681.25,1,1.0
600232,0.0,0.0,681.25,1,1.0
600233,0.0,0.0,681.25,1,1.0
600234,0.0,0.0,681.25,1,1.0
600235,0.0,0.25,681.0,2,1.0
600236,0.0,0.0,681.0,2,1.0
600237,0.0,0.0,681.0,2,1.0
600238,0.0,0.0,681.0,2,1.0
600239,-12.5,0.25,668.25,1,1.0
600240,0.0,0.0,668.25,1,1.0
600241,0.0,0.0,668.25,1,1.0
600242,0.0,0.25,668.0,2,1.0
600243,0.0,0.25,667.75,1,1.0
600244,0.0,0.25,667.5,2,1.0
600245,0.0,0.0,667.5,2,1.0
600246,0.0,0.0,667.5,2,1.0
600247,0.0,0.0,667.5,2,1.0
600248,0.0,0.0,667.5,2,1.0
600249,0.0,0.0,667.5,2,1.0
600250,0.0,0.0,667.5,2,1.0
600251,0.0,0.0,667.5,2,1.0
600252,0.0,0.0,667.5,2,1.0
600253,0.0,0.0,667.5,2,1.0
600254,0.0,0.0,667.5,2,1.0
600255,0.0,0.0,667.5,2,1.0
600256,12.5,0.25,679.75,1,1.0
600257,0.0,0.0,679.75,1,1.0
600258,12.5,0.25,692.0,2,1.0
600259,0.0,0.25,691.75,1,1.0
600260,0.0,0.0,691.75,1,1.0
600261,0.0,0.0,691.75,1,1.0
600262,0.0,0.0,691.75,1,1.0
600263,12.5,0.25,704.0,2,1.0
600264,12.5,0.25,716.25,1,1.0
600265,0.0,0.0,716.25,1,1.0
600266,0.0,0.0,716.25,1,1.0
600267,-12.5,0.25,703.5,2,1.0
600268,0.0,0.0,703.5,2,1.0
600269,0.0,0.0,703.5,2,1.0
600270,0.0,0.0,703.5,2,1.0
600271,0.0,0.0,703.5,2,1.0
600272,-12.5,0.25,690.75,1,1.0
600273,0.0,0.25,690.5,2,1.0
600274,0.0,0.25,690.25,0,1.0
600275,0.0,0.25,690.0,2,1.0
600276,0.0,0.0,690.0,2,1.0
600277,0.0,0.0,690.0,2,1.0
600278,0.0,0.0,690.0,2,1.0
600279,0.0,0.0,690.0,2,1.0
600280,0.0,0.0,690.0,2,1.0
600281,0.0,0.0,690.0,2,1.0
600282,-12.5,0.25,677.25,1,1.0
600283,0.0,0.0,677.25,1,1.0
600284,0.0,0.0,677.25,1,1.0
600285,12.5,0.25,689.5,0,1.0
600286,0.0,0.25,689.25,1,1.0
600287,12.5,0.25,701.5,2,1.0
600288,0.0,0.25,701.25,1,1.0
600289,0.0,0.0,701.25,1,1.0
600290,0.0,0.25,701.0,2,1.0
600291,12.5,0.25,713.25,1,1.0
600292,12.5,0.25,725.5,2,1.0
600293,0.0,0.0,725.5,2,1.0
600294,0.0,0.0,725.5,2,1.0
600295,0.0,0.0,725.5,2,1.0
600296,0.0,0.25,725.25,0,1.0
600297,0.0,0.25,725.0,1,1.0
600298,0.0,0.0,725.0,1,1.0
600299,0.0,0.0,725.0,1,1.0
600300,0.0,0.0,725.0,1,1.0
600301,0.0,0.0,725.0,1,1.0
600302,-12.5,0.25,712.25,2,1.0
600303,0.0,0.25,712.0,1,1.0
600304,-12.5,0.25,699.25,2,1.0
600305,0.0,0.0,699.25,2,1.0
600306,0.0,0.0,699.25,2,1.0
600307,0.0,0.0,699.25,2,1.0
600308,-12.5,0.25,686.5,1,1.0
600309,0.0,0.0,686.5,1,1.0
600310,0.0,0.0,686.5,1,1.0
600311,0.0,0.0,686.5,1,1.0
600312,-12.5,0.25,673.75,2,1.0
600313,0.0,0.0,673.75,2,1.0
600314,0.0,0.0,673.75,2,1.0
600315,0.0,0.0,673.75,2,1.0
600316,0.0,0.0,673.75,2,1.0
600317,0.0,0.0,673.75,2,1.0
600318,0.0,0.0,673.75,2,1.0
600319,0.0,0.0,673.75,2,1.0
600320,0.0,0.0,673.75,2,1.0
600321,0.0,0.0,673.75,2,1.0
600322,0.0,0.0,673.75,2,1.0
600323,0.0,0.0,673.75,2,1.0
600324,0.0,0.0,673.75,2,1.0
600325,0.0,0.0,673.75,2,1.0
600326,12.5,0.25,686.0,0,1.0
600327,0.0,0.25,685.75,1,1.0
600328,0.0,0.0,685.75,1,1.0
600329,0.0,0.0,685.75,1,1.0
600330,0.0,0.0,685.75,1,1.0
600331,0.0,0.0,685.75,1,1.0
600332,0.0,0.0,685.75,1,1.0
600333,0.0,0.0,685.75,1,1.0
600334,0.0,0.25,685.5,0,1.0
600335,0.0,0.0,685.5,0,1.0
600336,0.0,0.0,685.5,0,1.0
600337,0.0,0.25,685.25,2,1.0
600338,0.0,0.0,685.25,2,1.0
600339,0.0,0.0,685.25,2,1.0
600340,0.0,0.0,685.25,2,1.0
600341,-25.0,0.25,660.0,1,1.0
600342,0.0,0.0,660.0,1,1.0
600343,0.0,0.0,660.0,1,1.0
600344,0.0,0.0,660.0,1,1.0
600345,0.0,0.0,660.0,1,1.0
600346,0.0,0.0,660.0,1,1.0
600347,0.0,0.0,660.0,1,1.0
600348,0.0,0.0,660.0,1,1.0
600349,25.0,0.25,684.75,2,1.0
600350,0.0,0.0,684.75,2,1.0
600351,0.0,0.0,684.75,2,1.0
600352,-12.5,0.25,672.0,1,1.0
600353,0.0,0.0,672.0,1,1.0
600354,0.0,0.0,672.0,1,1.0
600355,0.0,0.25,671.75,0,1.0
600356,0.0,0.25,671.5,1,1.0
600357,12.5,0.25,683.75,2,1.0
600358,0.0,0.0,683.75,2,1.0
600359,0.0,0.0,683.75,2,1.0
600360,-12.5,0.25,671.0,0,1.0
600361,0.0,0.25,670.75,1,1.0
600362,0.0,0.25,670.5,2,1.0
600363,0.0,0.0,670.5,2,1.0
600364,0.0,0.0,670.5,2,1.0
600365,-25.0,0.25,645.25,1,1.0
600366,0.0,0.0,645.25,1,1.0
600367,0.0,0.0,645.25,1,1.0
600368,0.0,0.0,645.25,1,1.0
600369,-25.0,0.25,620.0,2,1.0
600370,0.0,0.0,620.0,2,1.0
600371,25.0,0.25,644.75,0,1.0
600372,0.0,0.25,644.5,2,1.0
600373,0.0,0.0,644.5,2,1.0
600374,0.0,0.0,644.5,2,1.0
600375,-25.0,0.25,619.25,1,1.0
600376,0.0,0.0,619.25,1,1.0
600377,0.0,0.0,619.25,1,1.0
600378,0.0,0.0,619.25,1,1.0
600379,0.0,0.0,619.25,1,1.0
600380,-25.0,0.25,594.0,2,1.0
600381,0.0,0.0,594.0,2,1.0
600382,0.0,0.0,594.0,2,1.0
600383,0.0,0.0,594.0,2,1.0
600384,12.5,0.25,606.25,1,1.0
600385,25.0,0.25,631.0,2,1.0
600386,0.0,0.0,631.0,2,1.0
600387,0.0,0.0,631.0,2,1.0
600388,12.5,0.25,643.25,1,1.0
600389,0.0,0.0,643.25,1,1.0
600390,12.5,0.25,655.5,2,1.0
600391,0.0,0.0,655.5,2,1.0
600392,0.0,0.25,655.25,1,1.0
600393,0.0,0.0,655.25,1,1.0
600394,0.0,0.0,655.25,1,1.0
600395,0.0,0.25,655.0,2,1.0
600396,0.0,0.0,655.0,2,1.0
600397,0.0,0.0,655.0,2,1.0
600398,0.0,0.0,655.0,2,1.0
600399,0.0,0.0,655.0,2,1.0
600400,0.0,0.0,655.0,2,1.0
600401,0.0,0.0,655.0,2,1.0
600402,0.0,0.0,655.0,2,1.0
600403,0.0,0.0,655.0,2,1.0
600404,0.0,0.0,655.0,2,1.0
600405,0.0,0.0,655.0,2,1.0
600406,12.5,0.25,667.25,1,1.0
600407,0.0,0.0,667.25,1,1.0
600408,0.0,0.0,667.25,1,1.0
600409,0.0,0.0,667.25,1,1.0
600410,12.5,0.25,679.5,2,1.0
600411,0.0,0.25,679.25,1,1.0
600412,0.0,0.0,679.25,1,1.0
600413,0.0,0.0,679.25,1,1.0
600414,12.5,0.25,691.5,2,1.0
600415,0.0,0.0,691.5,2,1.0
600416,12.5,0.25,703.75,1,1.0
600417,0.0,0.0,703.75,1,1.0
600418,-12.5,0.25,691.0,2,1.0
600419,0.0,0.0,691.0,2,1.0
600420,-12.5,0.25,678.25,0,1.0
600421,0.0,0.25,678.0,1,1.0
600422,0.0,0.0,678.0,1,1.0
600423,12.5,0.25,690.25,2,1.0
600424,0.0,0.0,690.25,2,1.0
600425,0.0,0.25,690.0,1,1.0
600426,0.0,0.0,690.0,1,1.0
600427,12.5,0.25,702.25,2,1.0
600428,0.0,0.25,702.0,1,1.0
600429,0.0,0.0,702.0,1,1.0
600430,0.0,0.0,702.0,1,1.0
600431,0.0,0.0,702.0,1,1.0
600432,0.0,0.0,702.0,1,1.0
600433,0.0,0.0,702.0,1,1.0
600434,0.0,0.25,701.75,0,1.0
600435,0.0,0.0,701.75,0,1.0
600436,0.0,0.0,701.75,0,1.0
600437,0.0,0.0,701.75,0,1.0
600438,0.0,0.0,701.75,0,1.0
600439,0.0,0.25,701.5,1,1.0
600440,0.0,0.0,701.5,1,1.0
600441,0.0,0.0,701.5,1,1.0
600442,0.0,0.0,701.5,1,1.0
600443,-12.5,0.25,688.75,0,1.0
600444,0.0,0.0,688.75,0,1.0
600445,0.0,0.25,688.5,1,1.0
600446,0.0,0.0,688.5,1,1.0
600447,0.0,0.25,688.25,2,1.0
600448,0.0,0.0,688.25,2,1.0
600449,0.0,0.0,688.25,2,1.0
600450,0.0,0.0,688.25,2,1.0
600451,0.0,0.0,688.25,2,1.0
600452,-25.0,0.25,663.0,1,1.0
600453,0.0,0.0,663.0,1,1.0
600454,0.0,0.0,663.0,1,1.0
600455,37.5,0.25,700.25,2,1.0
600456,0.0,0.25,700.0,0,1.0
600457,0.0,0.25,699.75,1,1.0
600458,0.0,0.0,699.75,1,1.0
600459,0.0,0.0,699.75,1,1.0
600460,0.0,0.0,699.75,1,1.0
600461,0.0,0.0,699.75,1,1.0
600462,0.0,0.0,699.75,1,1.0
600463,0.0,0.0,699.75,1,1.0
600464,12.5,0.25,712.0,2,1.0
600465,0.0,0.0,712.0,2,1.0
600466,0.0,0.0,712.0,2,1.0
600467,0.0,0.0,712.0,2,1.0
600468,-12.5,0.25,699.25,0,1.0
600469,0.0,0.25,699.0,2,1.0
600470,0.0,0.0,699.0,2,1.0
600471,0.0,0.0,699.0,2,1.0
600472,-12.5,0.25,686.25,1,1.0
600473,0.0,0.0,686.25,1,1.0
600474,0.0,0.0,686.25,1,1.0
600475,0.0,0.0,686.25,1,1.0
600476,-12.5,0.25,673.5,0,1.0
600477,0.0,0.25,673.25,2,1.0
600478,0.0,0.0,673.25,2,1.0
600479,0.0,0.0,673.25,2,1.0
600480,0.0,0.0,673.25,2,1.0
600481,0.0,0.0,673.25,2,1.0
600482,-37.5,0.25,635.5,1,1.0
600483,0.0,0.0,635.5,1,1.0
600484,0.0,0.25,635.25,0,1.0
600485,0.0,0.25,635.0,2,1.0
600486,12.5,0.25,647.25,1,1.0
600487,12.5,0.25,659.5,0,1.0
600488,0.0,0.0,659.5,0,1.0
600489,0.0,0.25,659.25,1,1.0
600490,0.0,0.25,659.0,2,1.0
600491,0.0,0.0,659.0,2,1.0
600492,0.0,0.0,659.0,2,1.0
600493,0.0,0.0,659.0,2,1.0
600494,0.0,0.0,659.0,2,1.0
600495,0.0,0.0,659.0,2,1.0
600496,0.0,0.0,659.0,2,1.0
600497,-12.5,0.25,646.25,1,1.0
600498,0.0,0.0,646.25,1,1.0
600499,12.5,0.25,658.5,2,1.0
600500,0.0,0.0,658.5,2,1.0
600501,0.0,0.25,658.25,1,1.0
600502,0.0,0.0,658.25,1,1.0
600503,0.0,0.0,658.25,1,1.0
600504,0.0,0.25,658.0,2,1.0
600505,25.0,0.25,682.75,0,1.0
600506,0.0,0.25,682.5,2,1.0
600507,0.0,0.0,682.5,2,1.0
600508,0.0,0.0,682.5,2,1.0
600509,0.0,0.0,682.5,2,1.0
600510,0.0,0.0,682.5,2,1.0
600511,0.0,0.0,682.5,2,1.0
600512,0.0,0.0,682.5,2,1.0
600513,25.0,0.25,707.25,1,1.0
600514,0.0,0.0,707.25,1,1.0
600515,0.0,0.25,707.0,2,1.0
600516,0.0,0.0,707.0,2,1.0
600517,0.0,0.0,707.0,2,1.0
600518,0.0,0.25,706.75,1,1.0
600519,0.0,0.0,706.75,1,1.0
600520,0.0,0.0,706.75,1,1.0
600521,12.5,0.25,719.0,2,1.0
600522,0.0,0.25,718.75,1,1.0
600523,0.0,0.0,718.75,1,1.0
600524,0.0,0.0,718.75,1,1.0
600525,0.0,0.0,718.75,1,1.0
600526,0.0,0.25,718.5,2,1.0
600527,0.0,0.0,718.5,2,1.0
600528,0.0,0.0,718.5,2,1.0
600529,0.0,0.0,718.5,2,1.0
600530,0.0,0.0,718.5,2,1.0
600531,0.0,0.25,718.25,1,1.0
600532,0.0,0.0,718.25,1,1.0
600533,0.0,0.0,718.25,1,1.0
600534,0.0,0.25,718.0,2,1.0
600535,0.0,0.0,718.0,2,1.0
600536,0.0,0.0,718.0,2,1.0
600537,0.0,0.0,718.0,2,1.0
600538,0.0,0.0,718.0,2,1.0
600539,12.5,0.25,730.25,1,1.0
600540,0.0,0.0,730.25,1,1.0
600541,12.5,0.25,742.5,2,1.0
600542,0.0,0.25,742.25,0,1.0
600543,0.0,0.25,742.0,1,1.0
600544,0.0,0.0,742.0,1,1.0
600545,0.0,0.0,742.0,1,1.0
600546,0.0,0.0,742.0,1,1.0
600547,-12.5,0.25,729.25,2,1.0
600548,0.0,0.0,729.25,2,1.0
600549,0.0,0.0,729.25,2,1.0
600550,0.0,0.25,729.0,1,1.0
600551,-12.5,0.25,716.25,2,1.0
600552,0.0,0.0,716.25,2,1.0
600553,0.0,0.0,716.25,2,1.0
600554,0.0,0.0,716.25,2,1.0
600555,0.0,0.0,716.25,2,1.0
600556,0.0,0.0,716.25,2,1.0
600557,0.0,0.0,716.25,2,1.0
600558,0.0,0.0,716.25,2,1.0
600559,0.0,0.0,716.25,2,1.0
600560,0.0,0.0,716.25,2,1.0
600561,0.0,0.0,716.25,2,1.0
600562,0.0,0.0,716.25,2,1.0
600563,0.0,0.0,716.25,2,1.0
600564,0.0,0.0,716.25,2,1.0
600565,25.0,0.25,741.0,1,1.0
600566,0.0,0.0,741.0,1,1.0
600567,0.0,0.0,741.0,1,1.0
600568,0.0,0.0,741.0,1,1.0
600569,-12.5,0.25,728.25,2,1.0
600570,0.0,0.0,728.25,2,1.0
600571,-12.5,0.25,715.5,1,1.0
600572,0.0,0.25,715.25,2,1.0
600573,-12.5,0.25,702.5,1,1.0
600574,0.0,0.0,702.5,1,1.0
600575,0.0,0.0,702.5,1,1.0
600576,0.0,0.0,702.5,1,1.0
600577,-25.0,0.25,677.25,2,1.0
600578,0.0,0.25,677.0,1,1.0
600579,12.5,0.25,689.25,2,1.0
600580,0.0,0.0,689.25,2,1.0
600581,0.0,0.0,689.25,2,1.0
600582,0.0,0.25,689.0,0,1.0
600583,0.0,0.0,689.0,0,1.0
600584,0.0,0.0,689.0,0,1.0
600585,0.0,0.25,688.75,1,1.0
600586,0.0,0.0,688.75,1,1.0
600587,-12.5,0.25,676.0,2,1.0
600588,0.0,0.0,676.0,2,1.0
600589,0.0,0.0,676.0,2,1.0
600590,0.0,0.0,676.0,2,1.0
600591,0.0,0.0,676.0,2,1.0
600592,0.0,0.0,676.0,2,1.0
600593,0.0,0.0,676.0,2,1.0
600594,0.0,0.0,676.0,2,1.0
600595,0.0,0.0,676.0,2,1.0
600596,37.5,0.25,713.25,0,1.0
600597,0.0,0.25,713.0,2,1.0
600598,0.0,0.0,713.0,2,1.0
600599,0.0,0.0,713.0,2,1.0
600600,0.0,0.25,712.75,0,1.0
600601,0.0,0.25,712.5,1,1.0
600602,0.0,0.0,712.5,1,1.0
600603,12.5,0.25,724.75,2,1.0
600604,0.0,0.0,724.75,2,1.0
600605,0.0,0.25,724.5,1,1.0
600606,0.0,0.0,724.5,1,1.0
600607,12.5,0.25,736.75,2,1.0
600608,-12.5,0.25,724.0,1,1.0
600609,0.0,0.0,724.0,1,1.0
600610,0.0,0.0,724.0,1,1.0
600611,0.0,0.0,724.0,1,1.0
600612,0.0,0.0,724.0,1,1.0
600613,0.0,0.0,724.0,1,1.0
600614,12.5,0.25,736.25,2,1.0
600615,0.0,0.25,736.0,1,1.0
600616,0.0,0.0,736.0,1,1.0
600617,0.0,0.0,736.0,1,1.0
600618,0.0,0.0,736.0,1,1.0
600619,0.0,0.0,736.0,1,1.0
600620,0.0,0.0,736.0,1,1.0
600621,0.0,0.0,736.0,1,1.0
600622,-12.5,0.25,723.25,0,1.0
600623,0.0,0.25,723.0,2,1.0
600624,0.0,0.0,723.0,2,1.0
600625,0.0,0.0,723.0,2,1.0
600626,0.0,0.0,723.0,2,1.0
600627,0.0,0.0,723.0,2,1.0
600628,0.0,0.0,723.0,2,1.0
600629,0.0,0.0,723.0,2,1.0
600630,-12.5,0.25,710.25,1,1.0
600631,0.0,0.0,710.25,1,1.0
600632,0.0,0.0,710.25,1,1.0
600633,0.0,0.0,710.25,1,1.0
600634,0.0,0.0,710.25,1,1.0
600635,0.0,0.25,710.0,2,1.0
600636,0.0,0.0,710.0,2,1.0
600637,0.0,0.0,710.0,2,1.0
600638,-12.5,0.25,697.25,1,1.0
600639,0.0,0.0,697.25,1,1.0
600640,0.0,0.0,697.25,1,1.0
600641,0.0,0.0,697.25,1,1.0
600642,0.0,0.0,697.25,1,1.0
600643,0.0,0.0,697.25,1,1.0
600644,0.0,0.25,697.0,2,1.0
600645,0.0,0.0,697.0,2,1.0
600646,0.0,0.0,697.0,2,1.0
600647,0.0,0.25,696.75,0,1.0
600648,0.0,0.25,696.5,1,1.0
600649,12.5,0.25,708.75,2,1.0
600650,0.0,0.0,708.75,2,1.0
600651,12.5,0.25,721.0,1,1.0
600652,0.0,0.0,721.0,1,1.0
600653,0.0,0.0,721.0,1,1.0
600654,0.0,0.0,721.0,1,1.0
600655,0.0,0.0,721.0,1,1.0
600656,0.0,0.0,721.0,1,1.0
600657,12.5,0.25,733.25,2,1.0
600658,0.0,0.25,733.0,1,1.0
600659,0.0,0.0,733.0,1,1.0
600660,0.0,0.0,733.0,1,1.0
600661,0.0,0.0,733.0,1,1.0
600662,0.0,0.0,733.0,1,1.0
600663,12.5,0.25,745.25,2,1.0
600664,0.0,0.0,745.25,2,1.0
600665,112.5,0.25,857.5,0,1.0
600666,0.0,0.25,857.25,1,1.0
600667,37.5,0.25,894.5,2,1.0
600668,0.0,0.0,894.5,2,1.0
600669,0.0,0.0,894.5,2,1.0
600670,0.0,0.25,894.25,1,1.0
600671,12.5,0.25,906.5,2,1.0
600672,0.0,0.0,906.5,2,1.0
600673,12.5,0.25,918.75,1,1.0
600674,0.0,0.0,918.75,1,1.0
600675,12.5,0.25,931.0,2,1.0
600676,0.0,0.0,931.0,2,1.0
600677,0.0,0.0,931.0,2,1.0
600678,12.5,0.25,943.25,1,1.0
600679,0.0,0.0,943.25,1,1.0
600680,-12.5,0.25,930.5,2,1.0
600681,0.0,0.0,930.5,2,1.0
600682,0.0,0.0,930.5,2,1.0
600683,0.0,0.0,930.5,2,1.0
600684,0.0,0.0,930.5,2,1.0
600685,-175.0,0.25,755.25,1,1.0
600686,0.0,0.0,755.25,1,1.0
600687,0.0,0.0,755.25,1,1.0
600688,12.5,0.25,767.5,2,1.0
600689,0.0,0.0,767.5,2,1.0
600690,0.0,0.0,767.5,2,1.0
600691,0.0,0.0,767.5,2,1.0
600692,0.0,0.0,767.5,2,1.0
600693,0.0,0.0,767.5,2,1.0
600694,0.0,0.0,767.5,2,1.0
600695,62.5,0.25,829.75,1,1.0
600696,-25.0,0.25,804.5,2,1.0
600697,0.0,0.0,804.5,2,1.0
600698,0.0,0.0,804.5,2,1.0
600699,0.0,0.0,804.5,2,1.0
600700,0.0,0.0,804.5,2,1.0
600701,37.5,0.25,841.75,1,1.0
600702,0.0,0.0,841.75,1,1.0
600703,25.0,0.25,866.5,2,1.0
600704,0.0,0.0,866.5,2,1.0
600705,0.0,0.0,866.5,2,1.0
600706,37.5,0.25,903.75,0,1.0
600707,0.0,0.25,903.5,2,1.0
600708,0.0,0.0,903.5,2,1.0
600709,0.0,0.0,903.5,2,1.0
600710,-25.0,0.25,878.25,1,1.0
600711,0.0,0.0,878.25,1,1.0
600712,0.0,0.0,878.25,1,1.0
600713,-12.5,0.25,865.5,2,1.0
600714,0.0,0.0,865.5,2,1.0
600715,0.0,0.0,865.5,2,1.0
600716,0.0,0.25,865.25,0,1.0
600717,0.0,0.25,865.0,1,1.0
600718,0.0,0.0,865.0,1,1.0
600719,0.0,0.25,864.75,2,1.0
600720,0.0,0.0,864.75,2,1.0
600721,0.0,0.0,864.75,2,1.0
600722,-12.5,0.25,852.0,1,1.0
600723,0.0,0.0,852.0,1,1.0
600724,0.0,0.0,852.0,1,1.0
600725,0.0,0.0,852.0,1,1.0
600726,0.0,0.0,852.0,1,1.0
600727,-25.0,0.25,826.75,2,1.0
600728,0.0,0.0,826.75,2,1.0
600729,0.0,0.0,826.75,2,1.0
600730,0.0,0.0,826.75,2,1.0
600731,-12.5,0.25,814.0,1,1.0
600732,0.0,0.0,814.0,1,1.0
600733,12.5,0.25,826.25,2,1.0
600734,0.0,0.0,826.25,2,1.0
600735,0.0,0.0,826.25,2,1.0
600736,12.5,0.25,838.5,1,1.0
600737,-25.0,0.25,813.25,2,1.0
600738,0.0,0.0,813.25,2,1.0
600739,0.0,0.0,813.25,2,1.0
600740,0.0,0.0,813.25,2,1.0
600741,0.0,0.0,813.25,2,1.0
600742,-50.0,0.25,763.0,1,1.0
600743,0.0,0.0,763.0,1,1.0
600744,0.0,0.0,763.0,1,1.0
600745,-87.5,0.25,675.25,2,1.0
600746,0.0,0.0,675.25,2,1.0
600747,0.0,0.0,675.25,2,1.0
600748,0.0,0.0,675.25,2,1.0
600749,0.0,0.0,675.25,2,1.0
600750,0.0,0.0,675.25,2,1.0
600751,25.0,0.25,700.0,1,1.0
600752,0.0,0.0,700.0,1,1.0
600753,0.0,0.0,700.0,1,1.0
600754,0.0,0.0,700.0,1,1.0
600755,0.0,0.0,700.0,1,1.0
600756,0.0,0.0,700.0,1,1.0
600757,-387.5,0.25,312.25,0,1.0
600758,0.0,0.25,312.0,2,1.0
600759,0.0,0.0,312.0,2,1.0
600760,62.5,0.25,374.25,1,1.0
600761,-25.0,0.25,349.0,2,1.0
600762,0.0,0.0,349.0,2,1.0
600763,0.0,0.0,349.0,2,1.0
600764,-37.5,0.25,311.25,1,1.0
600765,0.0,0.0,311.25,1,1.0
600766,0.0,0.0,311.25,1,1.0
600767,0.0,0.0,311.25,1,1.0
600768,0.0,0.0,311.25,1,1.0
600769,0.0,0.0,311.25,1,1.0
600770,0.0,0.0,311.25,1,1.0
600771,0.0,0.0,311.25,1,1.0
600772,0.0,0.0,311.25,1,1.0
600773,0.0,0.0,311.25,1,1.0
600774,0.0,0.0,311.25,1,1.0
600775,-162.5,0.25,148.5,0,1.0
600776,0.0,0.25,148.25,1,1.0
600777,0.0,0.0,148.25,1,1.0
600778,0.0,0.0,148.25,1,1.0
600779,0.0,0.0,148.25,1,1.0
600780,0.0,0.0,148.25,1,1.0
600781,0.0,0.0,148.25,1,1.0
600782,0.0,0.0,148.25,1,1.0
600783,0.0,0.0,148.25,1,1.0
600784,0.0,0.0,148.25,1,1.0
600785,0.0,0.0,148.25,1,1.0
600786,0.0,0.0,148.25,1,1.0
600787,0.0,0.0,148.25,1,1.0
600788,0.0,0.0,148.25,1,1.0
600789,75.0,0.25,223.0,2,1.0
600790,0.0,0.0,223.0,2,1.0
600791,50.0,0.25,272.75,1,1.0
600792,0.0,0.0,272.75,1,1.0
600793,25.0,0.25,297.5,2,1.0
600794,0.0,0.0,297.5,2,1.0
600795,0.0,0.0,297.5,2,1.0
600796,0.0,0.0,297.5,2,1.0
600797,0.0,0.0,297.5,2,1.0
600798,0.0,0.0,297.5,2,1.0
600799,12.5,0.25,309.75,1,1.0
600800,0.0,0.0,309.75,1,1.0
600801,0.0,0.0,309.75,1,1.0
600802,0.0,0.0,309.75,1,1.0
600803,0.0,0.0,309.75,1,1.0
600804,-25.0,0.25,284.5,2,1.0
600805,0.0,0.0,284.5,2,1.0
600806,0.0,0.0,284.5,2,1.0
600807,0.0,0.0,284.5,2,1.0
600808,-37.5,0.25,246.75,1,1.0
600809,0.0,0.0,246.75,1,1.0
600810,0.0,0.0,246.75,1,1.0
600811,0.0,0.0,246.75,1,1.0
600812,-37.5,0.25,209.0,2,1.0
600813,-12.5,0.25,196.25,1,1.0
600814,0.0,0.0,196.25,1,1.0
600815,12.5,0.25,208.5,2,1.0
600816,-12.5,0.25,195.75,1,1.0
600817,0.0,0.0,195.75,1,1.0
600818,0.0,0.0,195.75,1,1.0
600819,0.0,0.0,195.75,1,1.0
600820,0.0,0.0,195.75,1,1.0
600821,0.0,0.0,195.75,1,1.0
600822,0.0,0.0,195.75,1,1.0
600823,0.0,0.0,195.75,1,1.0
600824,0.0,0.0,195.75,1,1.0
600825,0.0,0.0,195.75,1,1.0
600826,0.0,0.0,195.75,1,1.0
600827,0.0,0.0,195.75,1,1.0
600828,-12.5,0.25,183.0,2,1.0
600829,0.0,0.0,183.0,2,1.0
600830,0.0,0.0,183.0,2,1.0
600831,0.0,0.0,183.0,2,1.0
600832,-75.0,0.25,107.75,1,1.0
600833,0.0,0.0,107.75,1,1.0
600834,0.0,0.0,107.75,1,1.0
600835,0.0,0.0,107.75,1,1.0
600836,0.0,0.0,107.75,1,1.0
600837,0.0,0.0,107.75,1,1.0
600838,0.0,0.0,107.75,1,1.0
600839,0.0,0.0,107.75,1,1.0
600840,0.0,0.0,107.75,1,1.0
600841,37.5,0.25,145.0,2,1.0
600842,0.0,0.0,145.0,2,1.0
600843,0.0,0.0,145.0,2,1.0
600844,0.0,0.25,144.75,1,1.0
600845,0.0,0.0,144.75,1,1.0
600846,0.0,0.25,144.5,2,1.0
600847,0.0,0.0,144.5,2,1.0
600848,0.0,0.0,144.5,2,1.0
600849,0.0,0.0,144.5,2,1.0
600850,-50.0,0.25,94.25,1,1.0
600851,0.0,0.0,94.25,1,1.0
600852,0.0,0.0,94.25,1,1.0
600853,12.5,0.25,106.5,2,1.0
600854,12.5,0.25,118.75,1,1.0
600855,0.0,0.0,118.75,1,1.0
600856,0.0,0.0,118.75,1,1.0
600857,0.0,0.0,118.75,1,1.0
600858,0.0,0.0,118.75,1,1.0
600859,0.0,0.0,118.75,1,1.0
600860,0.0,0.0,118.75,1,1.0
600861,37.5,0.25,156.0,2,1.0
600862,0.0,0.0,156.0,2,1.0
600863,-50.0,0.25,105.75,0,1.0
600864,0.0,0.25,105.5,1,1.0
600865,0.0,0.0,105.5,1,1.0
600866,0.0,0.0,105.5,1,1.0
600867,0.0,0.0,105.5,1,1.0
600868,0.0,0.25,105.25,2,1.0
600869,0.0,0.0,105.25,2,1.0
600870,0.0,0.0,105.25,2,1.0
600871,0.0,0.0,105.25,2,1.0
600872,0.0,0.0,105.25,2,1.0
600873,0.0,0.0,105.25,2,1.0
600874,0.0,0.0,105.25,2,1.0
600875,62.5,0.25,167.5,1,1.0
600876,0.0,0.0,167.5,1,1.0
600877,0.0,0.0,167.5,1,1.0
600878,0.0,0.0,167.5,1,1.0
600879,-12.5,0.25,154.75,0,1.0
600880,0.0,0.25,154.5,1,1.0
600881,12.5,0.25,166.75,2,1.0
600882,0.0,0.0,166.75,2,1.0
600883,0.0,0.25,166.5,1,1.0
600884,0.0,0.0,166.5,1,1.0
600885,0.0,0.0,166.5,1,1.0
600886,0.0,0.0,166.5,1,1.0
600887,87.5,0.25,253.75,0,1.0
600888,0.0,0.25,253.5,1,1.0
600889,0.0,0.0,253.5,1,1.0
600890,0.0,0.0,253.5,1,1.0
600891,0.0,0.0,253.5,1,1.0
600892,0.0,0.0,253.5,1,1.0
600893,-50.0,0.25,203.25,2,1.0
600894,0.0,0.0,203.25,2,1.0
600895,-12.5,0.25,190.5,1,1.0
600896,0.0,0.0,190.5,1,1.0
600897,-25.0,0.25,165.25,2,1.0
600898,0.0,0.0,165.25,2,1.0
600899,0.0,0.0,165.25,2,1.0
600900,0.0,0.0,165.25,2,1.0
600901,-12.5,0.25,152.5,1,1.0
600902,-12.5,0.25,139.75,2,1.0
600903,12.5,0.25,152.0,1,1.0
600904,0.0,0.0,152.0,1,1.0
600905,25.0,0.25,176.75,2,1.0
600906,0.0,0.0,176.75,2,1.0
600907,0.0,0.0,176.75,2,1.0
600908,0.0,0.0,176.75,2,1.0
600909,-50.0,0.25,126.5,0,1.0
600910,0.0,0.0,126.5,0,1.0
600911,0.0,0.25,126.25,1,1.0
600912,0.0,0.0,126.25,1,1.0
600913,0.0,0.25,126.0,2,1.0
600914,-25.0,0.25,100.75,1,1.0
600915,0.0,0.0,100.75,1,1.0
600916,50.0,0.25,150.5,2,1.0
600917,0.0,0.25,150.25,1,1.0
600918,0.0,0.0,150.25,1,1.0
600919,0.0,0.0,150.25,1,1.0
600920,0.0,0.0,150.25,1,1.0
600921,0.0,0.0,150.25,1,1.0
600922,0.0,0.0,150.25,1,1.0
600923,0.0,0.0,150.25,1,1.0
600924,0.0,0.0,150.25,1,1.0
600925,0.0,0.0,150.25,1,1.0
600926,0.0,0.0,150.25,1,1.0
600927,0.0,0.0,150.25,1,1.0
600928,50.0,0.25,200.0,2,1.0
600929,0.0,0.0,200.0,2,1.0
600930,0.0,0.25,199.75,0,1.0
600931,0.0,0.25,199.5,1,1.0
600932,37.5,0.25,236.75,2,1.0
600933,25.0,0.25,261.5,1,1.0
600934,0.0,0.0,261.5,1,1.0
600935,0.0,0.0,261.5,1,1.0
600936,0.0,0.0,261.5,1,1.0
600937,0.0,0.0,261.5,1,1.0
600938,0.0,0.0,261.5,1,1.0
600939,0.0,0.0,261.5,1,1.0
600940,0.0,0.0,261.5,1,1.0
600941,0.0,0.0,261.5,1,1.0
600942,0.0,0.0,261.5,1,1.0
600943,0.0,0.0,261.5,1,1.0
600944,0.0,0.0,261.5,1,1.0
600945,0.0,0.0,261.5,1,1.0
600946,0.0,0.0,261.5,1,1.0
600947,150.0,0.25,411.25,2,1.0
600948,-12.5,0.25,398.5,1,1.0
600949,0.0,0.0,398.5,1,1.0
600950,-25.0,0.25,373.25,0,1.0
600951,0.0,0.25,373.0,1,1.0
600952,0.0,0.0,373.0,1,1.0
600953,0.0,0.0,373.0,1,1.0
600954,0.0,0.0,373.0,1,1.0
600955,0.0,0.0,373.0,1,1.0
600956,0.0,0.0,373.0,1,1.0
600957,0.0,0.0,373.0,1,1.0
600958,0.0,0.0,373.0,1,1.0
600959,0.0,0.0,373.0,1,1.0
600960,0.0,0.0,373.0,1,1.0
600961,-12.5,0.25,360.25,2,1.0
600962,0.0,0.0,360.25,2,1.0
600963,0.0,0.0,360.25,2,1.0
600964,0.0,0.0,360.25,2,1.0
600965,-12.5,0.25,347.5,1,1.0
600966,0.0,0.0,347.5,1,1.0
600967,0.0,0.0,347.5,1,1.0
600968,0.0,0.0,347.5,1,1.0
600969,-37.5,0.25,309.75,2,1.0
600970,0.0,0.0,309.75,2,1.0
600971,0.0,0.0,309.75,2,1.0
600972,0.0,0.0,309.75,2,1.0
600973,-62.5,0.25,247.0,1,1.0
600974,0.0,0.0,247.0,1,1.0
600975,0.0,0.0,247.0,1,1.0
600976,0.0,0.0,247.0,1,1.0
600977,0.0,0.0,247.0,1,1.0
600978,0.0,0.25,246.75,2,1.0
600979,0.0,0.0,246.75,2,1.0
600980,0.0,0.0,246.75,2,1.0
600981,0.0,0.0,246.75,2,1.0
600982,0.0,0.0,246.75,2,1.0
600983,0.0,0.0,246.75,2,1.0
600984,0.0,0.0,246.75,2,1.0
600985,0.0,0.0,246.75,2,1.0
600986,37.5,0.25,284.0,1,1.0
600987,0.0,0.0,284.0,1,1.0
600988,0.0,0.0,284.0,1,1.0
600989,0.0,0.0,284.0,1,1.0
600990,-75.0,0.25,208.75,2,1.0
600991,0.0,0.0,208.75,2,1.0
600992,0.0,0.25,208.5,0,1.0
600993,0.0,0.0,208.5,0,1.0
600994,0.0,0.0,208.5,0,1.0
600995,0.0,0.0,208.5,0,1.0
600996,0.0,0.0,208.5,0,1.0
600997,0.0,0.0,208.5,0,1.0
600998,0.0,0.0,208.5,0,1.0
600999,0.0,0.0,208.5,0,1.0
601000,0.0,0.0,208.5,0,1.0
601001,0.0,0.25,208.25,1,1.0
601002,25.0,0.25,233.0,2,1.0
601003,-25.0,0.25,207.75,1,1.0
601004,0.0,0.0,207.75,1,1.0
601005,0.0,0.0,207.75,1,1.0
601006,0.0,0.0,207.75,1,1.0
601007,0.0,0.0,207.75,1,1.0
601008,0.0,0.0,207.75,1,1.0
601009,-25.0,0.25,182.5,0,1.0
601010,0.0,0.25,182.25,2,1.0
601011,0.0,0.0,182.25,2,1.0
601012,0.0,0.0,182.25,2,1.0
601013,0.0,0.0,182.25,2,1.0
601014,0.0,0.0,182.25,2,1.0
601015,0.0,0.0,182.25,2,1.0
601016,0.0,0.25,182.0,1,1.0
601017,0.0,0.0,182.0,1,1.0
601018,0.0,0.0,182.0,1,1.0
601019,0.0,0.0,182.0,1,1.0
601020,0.0,0.0,182.0,1,1.0
601021,-12.5,0.25,169.25,2,1.0
601022,0.0,0.0,169.25,2,1.0
601023,0.0,0.0,169.25,2,1.0
601024,0.0,0.0,169.25,2,1.0
601025,0.0,0.0,169.25,2,1.0
601026,0.0,0.0,169.25,2,1.0
601027,0.0,0.0,169.25,2,1.0
601028,0.0,0.0,169.25,2,1.0
601029,-62.5,0.25,106.5,1,1.0
601030,0.0,0.0,106.5,1,1.0
601031,0.0,0.0,106.5,1,1.0
601032,0.0,0.25,106.25,2,1.0
601033,0.0,0.0,106.25,2,1.0
601034,0.0,0.0,106.25,2,1.0
601035,0.0,0.0,106.25,2,1.0
601036,0.0,0.0,106.25,2,1.0
601037,0.0,0.0,106.25,2,1.0
601038,0.0,0.0,106.25,2,1.0
601039,0.0,0.0,106.25,2,1.0
601040,50.0,0.25,156.0,1,1.0
601041,0.0,0.0,156.0,1,1.0
601042,-75.0,0.25,80.75,2,1.0
601043,0.0,0.0,80.75,2,1.0
601044,0.0,0.0,80.75,2,1.0
601045,0.0,0.0,80.75,2,1.0
601046,0.0,0.0,80.75,2,1.0
601047,-87.5,0.25,-7.0,1,1.0
